# z	a	b	c	err_a	err_b	err_c
43.619	-7.4089e-02	2.4125e-01	9.0414e-01	2.9643e-02	5.9512e-02	2.9847e-02
38.919	-7.6217e-02	2.7536e-01	8.9374e-01	3.1143e-02	6.2622e-02	3.1450e-02
31.137	-5.1860e-02	3.3467e-01	8.7538e-01	3.8475e-02	7.7716e-02	3.9192e-02
30.000	-3.4892e-02	3.3247e-01	8.7634e-01	4.1123e-02	8.3149e-02	4.1970e-02
27.900	2.0648e-02	3.0795e-01	8.8297e-01	4.9090e-02	9.9480e-02	5.0316e-02
26.124	1.1280e-01	2.4449e-01	8.9987e-01	6.0141e-02	1.2216e-01	6.1917e-02
24.597	1.9830e-01	2.3938e-01	8.7671e-01	7.4834e-02	1.5237e-01	7.7405e-02
23.268	3.2148e-01	2.0998e-01	8.5414e-01	9.1607e-02	1.8699e-01	9.5213e-02
22.100	3.9862e-01	3.1847e-01	7.5736e-01	1.0940e-01	2.2388e-01	1.1427e-01
21.062	4.4197e-01	5.5361e-01	5.8904e-01	1.2755e-01	2.6170e-01	1.3389e-01
20.134	4.1486e-01	9.5729e-01	3.4293e-01	1.4774e-01	3.0388e-01	1.5583e-01
19.298	3.9571e-01	1.3958e+00	7.8496e-02	1.7790e-01	3.6684e-01	1.8854e-01
18.540	2.3908e-01	2.0635e+00	-2.6381e-01	1.7717e-01	3.6619e-01	1.8862e-01
17.848	-3.6082e-02	3.0489e+00	-7.7072e-01	2.0494e-01	4.2455e-01	2.1913e-01
17.215	-3.1875e-01	4.0154e+00	-1.2404e+00	2.0986e-01	4.3567e-01	2.2530e-01
16.633	-4.5896e-01	4.7509e+00	-1.5993e+00	2.2284e-01	4.6353e-01	2.4013e-01
16.095	-9.2923e-01	6.0221e+00	-2.1564e+00	2.3455e-01	4.8875e-01	2.5359e-01
15.596	-6.6651e-01	5.9497e+00	-2.1006e+00	2.6209e-01	5.4709e-01	2.8430e-01
15.132	-1.2015e+00	7.4421e+00	-2.7672e+00	2.8485e-01	5.9557e-01	3.0993e-01
14.699	-1.4160e+00	8.3635e+00	-3.1550e+00	3.0993e-01	6.4904e-01	3.3821e-01
14.294	-1.8571e+00	9.4914e+00	-3.5602e+00	3.1561e-01	6.6177e-01	3.4521e-01
13.914	-1.0182e+00	8.4508e+00	-3.0636e+00	5.0381e-01	1.0579e+00	5.5252e-01
13.557	-2.4304e+00	1.1541e+01	-4.3613e+00	3.6356e-01	7.6424e-01	3.9950e-01
13.221	-1.9904e+00	1.1234e+01	-4.1313e+00	4.1645e-01	8.7667e-01	4.5882e-01
12.903	-2.6795e+00	1.3109e+01	-4.9579e+00	4.5640e-01	9.6171e-01	5.0370e-01
12.603	-2.1671e+00	1.2523e+01	-4.5798e+00	4.8541e-01	1.0243e+00	5.3718e-01
12.318	-9.4032e-01	1.0295e+01	-3.3165e+00	4.9075e-01	1.0371e+00	5.4454e-01
12.048	-1.3681e+00	1.1856e+01	-3.9616e+00	5.2065e-01	1.1019e+00	5.7932e-01
11.791	-2.3869e+00	1.4249e+01	-4.9616e+00	5.8177e-01	1.2321e+00	6.4804e-01
11.546	-1.0853e+00	1.2436e+01	-4.0638e+00	6.3600e-01	1.3491e+00	7.1068e-01
11.313	-1.6270e+00	1.3937e+01	-4.5930e+00	7.2009e-01	1.5293e+00	8.0638e-01
11.090	-1.0763e+00	1.3172e+01	-4.0730e+00	7.0117e-01	1.4908e+00	7.8681e-01
10.877	-1.4943e+00	1.4037e+01	-4.2065e+00	6.9202e-01	1.4731e+00	7.7824e-01
10.673	-1.3060e+00	1.5393e+01	-5.0604e+00	8.4988e-01	1.8117e+00	9.5828e-01
10.478	-6.5191e-01	1.4730e+01	-4.7044e+00	1.0067e+00	2.1487e+00	1.1377e+00
10.290	2.6850e+00	9.2466e+00	-2.0808e+00	9.8565e-01	2.1088e+00	1.1191e+00
10.110	4.4131e-01	1.3301e+01	-3.4450e+00	1.0091e+00	2.1608e+00	1.1475e+00
9.938	2.2146e+00	1.0954e+01	-2.4261e+00	1.1393e+00	2.4448e+00	1.3009e+00
9.771	2.7276e+00	1.0581e+01	-2.3423e+00	1.1814e+00	2.5384e+00	1.3522e+00
9.611	1.5454e+00	1.3796e+01	-3.5432e+00	1.0723e+00	2.3068e+00	1.2300e+00
9.457	-8.2645e-02	1.6567e+01	-4.2861e+00	1.1425e+00	2.4592e+00	1.3116e+00
9.308	-1.2770e+00	2.0104e+01	-6.0738e+00	1.1928e+00	2.5718e+00	1.3738e+00
9.164	-1.1974e+00	2.0995e+01	-6.3483e+00	1.2742e+00	2.7530e+00	1.4733e+00
9.026	9.1568e-01	1.7792e+01	-4.8723e+00	1.4447e+00	3.1273e+00	1.6765e+00
8.892	-1.9018e+00	2.3759e+01	-7.1811e+00	1.3998e+00	3.0357e+00	1.6302e+00
8.762	-3.7499e-01	2.2992e+01	-7.5636e+00	1.4828e+00	3.2229e+00	1.7340e+00
8.636	1.4227e+00	1.9990e+01	-5.7060e+00	1.4869e+00	3.2381e+00	1.7453e+00
8.515	2.2622e+00	1.9850e+01	-5.7172e+00	1.5219e+00	3.3204e+00	1.7925e+00
8.397	2.5287e+00	1.9155e+01	-4.9730e+00	1.8275e+00	3.9964e+00	2.1621e+00
8.283	1.6332e+00	2.1839e+01	-5.9887e+00	1.5802e+00	3.4611e+00	1.8750e+00
8.172	3.5897e+00	1.9861e+01	-5.4416e+00	1.8083e+00	3.9715e+00	2.1567e+00
8.064	-2.0373e+00	3.0703e+01	-9.7745e+00	1.5908e+00	3.4926e+00	1.8956e+00
7.960	5.1400e+00	1.7021e+01	-2.9248e+00	1.5103e+00	3.3270e+00	1.8116e+00
7.859	-1.1897e+00	3.1198e+01	-9.7194e+00	1.8685e+00	4.1065e+00	2.2292e+00
7.760	2.7965e+00	2.4247e+01	-6.5243e+00	1.7414e+00	3.8430e+00	2.0944e+00
7.664	3.1017e+00	2.4979e+01	-6.5397e+00	1.8615e+00	4.1165e+00	2.2479e+00
7.570	-1.2905e+00	3.3631e+01	-1.0195e+01	1.8199e+00	4.0275e+00	2.2003e+00
7.480	1.0494e+01	1.3510e+01	-1.4783e+00	2.2022e+00	4.9213e+00	2.7145e+00
7.391	-4.6737e+00	4.3694e+01	-1.5086e+01	2.0127e+00	4.4589e+00	2.4367e+00
7.305	1.2660e+00	3.3578e+01	-1.0365e+01	2.0784e+00	4.6298e+00	2.5431e+00