# z	a	b	c	err_a	err_b	err_c
43.619	-5.7163e-02	2.0976e-01	9.1924e-01	3.7404e-02	7.5089e-02	3.7665e-02
38.919	-5.9023e-02	2.4378e-01	9.0884e-01	3.9377e-02	7.9161e-02	3.9759e-02
31.137	-3.1663e-02	2.9917e-01	8.9209e-01	4.8980e-02	9.8861e-02	4.9837e-02
30.000	-1.0074e-02	2.8878e-01	8.9681e-01	5.2464e-02	1.0599e-01	5.3472e-02
27.900	3.9925e-02	2.7725e-01	8.9660e-01	6.2808e-02	1.2713e-01	6.4253e-02
26.124	1.4075e-01	2.0035e-01	9.1909e-01	7.7095e-02	1.5636e-01	7.9175e-02
24.597	2.2829e-01	1.9612e-01	8.9414e-01	9.5803e-02	1.9470e-01	9.8784e-02
23.268	3.4163e-01	1.9078e-01	8.5895e-01	1.1806e-01	2.4045e-01	1.2224e-01
22.100	4.3543e-01	2.7417e-01	7.7241e-01	1.4104e-01	2.8788e-01	1.4665e-01
21.062	5.1905e-01	4.3627e-01	6.3864e-01	1.6431e-01	3.3609e-01	1.7156e-01
20.134	5.0077e-01	8.2589e-01	3.9969e-01	1.9044e-01	3.9036e-01	1.9965e-01
19.298	5.4198e-01	1.1667e+00	1.7456e-01	2.1781e-01	4.4737e-01	2.2924e-01
18.540	3.8146e-01	1.8407e+00	-1.6662e-01	2.3000e-01	4.7332e-01	2.4298e-01
17.848	6.4276e-02	2.9042e+00	-7.0526e-01	2.6976e-01	5.5618e-01	2.8601e-01
17.215	-1.5238e-01	3.7552e+00	-1.1257e+00	2.6960e-01	5.5683e-01	2.8680e-01
16.633	-2.4837e-01	4.4151e+00	-1.4501e+00	2.9244e-01	6.0492e-01	3.1199e-01
16.095	-7.1008e-01	5.6595e+00	-1.9876e+00	3.0309e-01	6.2778e-01	3.2416e-01
15.596	-4.1733e-01	5.5602e+00	-1.9261e+00	3.3888e-01	7.0284e-01	3.6335e-01
15.132	-9.0718e-01	6.9996e+00	-2.5853e+00	3.7391e-01	7.7644e-01	4.0182e-01
14.699	-1.0786e+00	7.8501e+00	-2.9396e+00	4.1650e-01	8.6591e-01	4.4858e-01
14.294	-1.5854e+00	9.0816e+00	-3.3833e+00	4.1639e-01	8.6642e-01	4.4915e-01
13.914	-6.7007e-01	7.9532e+00	-2.8656e+00	6.1681e-01	1.2847e+00	6.6655e-01
13.557	-2.0944e+00	1.0974e+01	-4.0980e+00	4.7676e-01	9.9376e-01	5.1589e-01
13.221	-1.7859e+00	1.0877e+01	-3.9306e+00	5.5355e-01	1.1549e+00	6.0004e-01
12.903	-2.5843e+00	1.2977e+01	-4.8669e+00	5.9631e-01	1.2450e+00	6.4714e-01
12.603	-1.8629e+00	1.2094e+01	-4.3957e+00	6.2968e-01	1.3160e+00	6.8468e-01
12.318	-4.8466e-01	9.7298e+00	-3.1182e+00	6.5112e-01	1.3623e+00	7.0938e-01
12.048	-7.7623e-01	1.0839e+01	-3.4793e+00	6.6645e-01	1.3957e+00	7.2739e-01
11.791	-2.3368e+00	1.4400e+01	-5.0829e+00	7.4714e-01	1.5652e+00	8.1589e-01
11.546	-8.7154e-01	1.2368e+01	-4.1081e+00	8.3184e-01	1.7448e+00	9.1052e-01
11.313	-6.2184e-01	1.2199e+01	-3.7845e+00	8.9383e-01	1.8767e+00	9.8014e-01
11.090	-5.9993e-01	1.2707e+01	-3.9567e+00	9.0338e-01	1.8983e+00	9.9205e-01
10.877	-4.4958e-01	1.2431e+01	-3.5535e+00	8.8927e-01	1.8704e+00	9.7831e-01
10.673	-6.9347e-01	1.4569e+01	-4.7165e+00	1.1015e+00	2.3192e+00	1.2141e+00
10.478	1.1717e+00	1.1749e+01	-3.4429e+00	1.3469e+00	2.8390e+00	1.4876e+00
10.290	3.9860e+00	7.1020e+00	-1.0898e+00	1.3730e+00	2.8982e+00	1.5206e+00
10.110	1.5303e+00	1.1665e+01	-2.7724e+00	1.2985e+00	2.7426e+00	1.4397e+00
9.938	5.0481e+00	6.0706e+00	-2.5814e-01	1.4764e+00	3.1245e+00	1.6431e+00
9.771	5.2804e+00	6.0387e+00	-1.6449e-01	1.5550e+00	3.2940e+00	1.7337e+00
9.611	3.2325e+00	1.1121e+01	-2.3942e+00	1.3453e+00	2.8518e+00	1.5017e+00
9.457	1.4367e+00	1.4647e+01	-3.7293e+00	1.4208e+00	3.0129e+00	1.5869e+00
9.308	3.4421e-01	1.7828e+01	-5.2415e+00	1.4625e+00	3.1055e+00	1.6376e+00
9.164	1.0525e+00	1.7049e+01	-4.5256e+00	1.6148e+00	3.4353e+00	1.8146e+00
9.026	3.9686e+00	1.2984e+01	-2.9589e+00	1.8378e+00	3.9165e+00	2.0720e+00
8.892	-7.7316e-01	2.2429e+01	-6.8027e+00	1.7278e+00	3.6849e+00	1.9508e+00
8.762	2.0398e+00	1.9077e+01	-5.9348e+00	1.8878e+00	4.0343e+00	2.1394e+00
8.636	4.4481e+00	1.5006e+01	-3.5885e+00	1.8671e+00	3.9972e+00	2.1234e+00
8.515	4.6493e+00	1.6299e+01	-4.3771e+00	2.0051e+00	4.2968e+00	2.2843e+00
8.397	5.5570e+00	1.4019e+01	-2.7065e+00	2.3579e+00	5.0662e+00	2.7002e+00
8.283	4.8137e+00	1.6909e+01	-4.0364e+00	2.0509e+00	4.4125e+00	2.3544e+00
8.172	6.2567e+00	1.6329e+01	-4.2459e+00	2.3304e+00	5.0259e+00	2.6878e+00
8.064	4.7652e-01	2.6931e+01	-8.2847e+00	2.0747e+00	4.4740e+00	2.3917e+00
7.960	1.1448e+01	6.7786e+00	1.1589e+00	2.0312e+00	4.3954e+00	2.3577e+00
7.859	1.5212e-01	3.0390e+01	-9.9575e+00	2.4768e+00	5.3476e+00	2.8607e+00
7.760	4.4194e+00	2.2123e+01	-5.7884e+00	2.3154e+00	5.0144e+00	2.6903e+00
7.664	9.0291e+00	1.5906e+01	-3.1647e+00	2.5141e+00	5.4648e+00	2.9422e+00
7.570	1.8332e+00	2.8729e+01	-8.1815e+00	2.2975e+00	4.9951e+00	2.6898e+00
7.480	1.5332e+01	5.1783e+00	2.1989e+00	2.8471e+00	6.2366e+00	3.3834e+00
7.391	-3.8106e-01	3.6349e+01	-1.1802e+01	2.4528e+00	5.3448e+00	2.8828e+00
7.305	7.7386e+00	2.2502e+01	-5.6160e+00	2.7110e+00	5.9382e+00	3.2190e+00
