# log10(dotN_gamma) [s^-1] (shape are redshift.size and 41)
4.50000e+01 4.52000e+01 4.54000e+01 4.56000e+01 4.58000e+01 4.60000e+01 4.62000e+01 4.64000e+01 4.66000e+01 4.68000e+01 4.70000e+01 4.72000e+01 4.74000e+01 4.76000e+01 4.78000e+01 4.80000e+01 4.82000e+01 4.84000e+01 4.86000e+01 4.88000e+01 4.90000e+01 4.92000e+01 4.94000e+01 4.96000e+01 4.98000e+01 5.00000e+01 5.02000e+01 5.04000e+01 5.06000e+01 5.08000e+01 5.10000e+01 5.12000e+01 5.14000e+01 5.16000e+01 5.18000e+01 5.20000e+01 5.22000e+01 5.24000e+01 5.26000e+01 5.28000e+01 5.30000e+01
4.50000e+01 4.52000e+01 4.54000e+01 4.56000e+01 4.58000e+01 4.60000e+01 4.62000e+01 4.64000e+01 4.66000e+01 4.68000e+01 4.70000e+01 4.72000e+01 4.74000e+01 4.76000e+01 4.78000e+01 4.80000e+01 4.82000e+01 4.84000e+01 4.86000e+01 4.88000e+01 4.90000e+01 4.92000e+01 4.94000e+01 4.96000e+01 4.98000e+01 5.00000e+01 5.02000e+01 5.04000e+01 5.06000e+01 5.08000e+01 5.10000e+01 5.12000e+01 5.14000e+01 5.16000e+01 5.18000e+01 5.20000e+01 5.22000e+01 5.24000e+01 5.26000e+01 5.28000e+01 5.30000e+01
4.50000e+01 4.52000e+01 4.54000e+01 4.56000e+01 4.58000e+01 4.60000e+01 4.62000e+01 4.64000e+01 4.66000e+01 4.68000e+01 4.70000e+01 4.72000e+01 4.74000e+01 4.76000e+01 4.78000e+01 4.80000e+01 4.82000e+01 4.84000e+01 4.86000e+01 4.88000e+01 4.90000e+01 4.92000e+01 4.94000e+01 4.96000e+01 4.98000e+01 5.00000e+01 5.02000e+01 5.04000e+01 5.06000e+01 5.08000e+01 5.10000e+01 5.12000e+01 5.14000e+01 5.16000e+01 5.18000e+01 5.20000e+01 5.22000e+01 5.24000e+01 5.26000e+01 5.28000e+01 5.30000e+01
4.50000e+01 4.52000e+01 4.54000e+01 4.56000e+01 4.58000e+01 4.60000e+01 4.62000e+01 4.64000e+01 4.66000e+01 4.68000e+01 4.70000e+01 4.72000e+01 4.74000e+01 4.76000e+01 4.78000e+01 4.80000e+01 4.82000e+01 4.84000e+01 4.86000e+01 4.88000e+01 4.90000e+01 4.92000e+01 4.94000e+01 4.96000e+01 4.98000e+01 5.00000e+01 5.02000e+01 5.04000e+01 5.06000e+01 5.08000e+01 5.10000e+01 5.12000e+01 5.14000e+01 5.16000e+01 5.18000e+01 5.20000e+01 5.22000e+01 5.24000e+01 5.26000e+01 5.28000e+01 5.30000e+01
4.50000e+01 4.52000e+01 4.54000e+01 4.56000e+01 4.58000e+01 4.60000e+01 4.62000e+01 4.64000e+01 4.66000e+01 4.68000e+01 4.70000e+01 4.72000e+01 4.74000e+01 4.76000e+01 4.78000e+01 4.80000e+01 4.82000e+01 4.84000e+01 4.86000e+01 4.88000e+01 4.90000e+01 4.92000e+01 4.94000e+01 4.96000e+01 4.98000e+01 5.00000e+01 5.02000e+01 5.04000e+01 5.06000e+01 5.08000e+01 5.10000e+01 5.12000e+01 5.14000e+01 5.16000e+01 5.18000e+01 5.20000e+01 5.22000e+01 5.24000e+01 5.26000e+01 5.28000e+01 5.30000e+01
4.50000e+01 4.52000e+01 4.54000e+01 4.56000e+01 4.58000e+01 4.60000e+01 4.62000e+01 4.64000e+01 4.66000e+01 4.68000e+01 4.70000e+01 4.72000e+01 4.74000e+01 4.76000e+01 4.78000e+01 4.80000e+01 4.82000e+01 4.84000e+01 4.86000e+01 4.88000e+01 4.90000e+01 4.92000e+01 4.94000e+01 4.96000e+01 4.98000e+01 5.00000e+01 5.02000e+01 5.04000e+01 5.06000e+01 5.08000e+01 5.10000e+01 5.12000e+01 5.14000e+01 5.16000e+01 5.18000e+01 5.20000e+01 5.22000e+01 5.24000e+01 5.26000e+01 5.28000e+01 5.30000e+01
4.85948e+01 4.87066e+01 4.88184e+01 4.89303e+01 4.90421e+01 4.91539e+01 4.92658e+01 4.93776e+01 4.94894e+01 4.96013e+01 4.97131e+01 4.98249e+01 4.99368e+01 5.00486e+01 5.01605e+01 5.02723e+01 5.03841e+01 5.04960e+01 5.06078e+01 5.07196e+01 5.08315e+01 5.09433e+01 5.10551e+01 5.11670e+01 5.12788e+01 5.13906e+01 5.15025e+01 5.16143e+01 5.17261e+01 5.18380e+01 5.19498e+01 5.20617e+01 5.21735e+01 5.22853e+01 5.23972e+01 5.25090e+01 5.26208e+01 5.27327e+01 5.28445e+01 5.29563e+01 5.30682e+01
4.50000e+01 4.52000e+01 4.54000e+01 4.56000e+01 4.58000e+01 4.60000e+01 4.62000e+01 4.64000e+01 4.66000e+01 4.68000e+01 4.70000e+01 4.72000e+01 4.74000e+01 4.76000e+01 4.78000e+01 4.80000e+01 4.82000e+01 4.84000e+01 4.86000e+01 4.88000e+01 4.90000e+01 4.92000e+01 4.94000e+01 4.96000e+01 4.98000e+01 5.00000e+01 5.02000e+01 5.04000e+01 5.06000e+01 5.08000e+01 5.10000e+01 5.12000e+01 5.14000e+01 5.16000e+01 5.18000e+01 5.20000e+01 5.22000e+01 5.24000e+01 5.26000e+01 5.28000e+01 5.30000e+01
5.02067e+01 5.02889e+01 5.03710e+01 5.04531e+01 5.05353e+01 5.06174e+01 5.06996e+01 5.07817e+01 5.08639e+01 5.09460e+01 5.10281e+01 5.11103e+01 5.11924e+01 5.12746e+01 5.13567e+01 5.14389e+01 5.15210e+01 5.16031e+01 5.16853e+01 5.17674e+01 5.18496e+01 5.19317e+01 5.20139e+01 5.20960e+01 5.21781e+01 5.22603e+01 5.23424e+01 5.24246e+01 5.25067e+01 5.25889e+01 5.26710e+01 5.27532e+01 5.28353e+01 5.29174e+01 5.29996e+01 5.30817e+01 5.31639e+01 5.32460e+01 5.33282e+01 5.34103e+01 5.34924e+01
4.94691e+01 4.95663e+01 4.96635e+01 4.97607e+01 4.98579e+01 4.99551e+01 5.00523e+01 5.01494e+01 5.02466e+01 5.03438e+01 5.04410e+01 5.05382e+01 5.06354e+01 5.07326e+01 5.08298e+01 5.09270e+01 5.10242e+01 5.11214e+01 5.12186e+01 5.13158e+01 5.14130e+01 5.15102e+01 5.16074e+01 5.17046e+01 5.18018e+01 5.18990e+01 5.19962e+01 5.20934e+01 5.21906e+01 5.22878e+01 5.23850e+01 5.24822e+01 5.25794e+01 5.26766e+01 5.27738e+01 5.28710e+01 5.29682e+01 5.30654e+01 5.31626e+01 5.32597e+01 5.33569e+01
4.90561e+01 4.91685e+01 4.92808e+01 4.93932e+01 4.95055e+01 4.96179e+01 4.97302e+01 4.98426e+01 4.99549e+01 5.00673e+01 5.01796e+01 5.02920e+01 5.04043e+01 5.05167e+01 5.06290e+01 5.07414e+01 5.08537e+01 5.09660e+01 5.10784e+01 5.11907e+01 5.13031e+01 5.14154e+01 5.15278e+01 5.16401e+01 5.17525e+01 5.18648e+01 5.19772e+01 5.20895e+01 5.22019e+01 5.23142e+01 5.24266e+01 5.25389e+01 5.26513e+01 5.27636e+01 5.28760e+01 5.29883e+01 5.31007e+01 5.32130e+01 5.33254e+01 5.34377e+01 5.35501e+01
4.88479e+01 4.89603e+01 4.90727e+01 4.91851e+01 4.92974e+01 4.94098e+01 4.95222e+01 4.96346e+01 4.97469e+01 4.98593e+01 4.99717e+01 5.00841e+01 5.01964e+01 5.03088e+01 5.04212e+01 5.05336e+01 5.06459e+01 5.07583e+01 5.08707e+01 5.09831e+01 5.10954e+01 5.12078e+01 5.13202e+01 5.14326e+01 5.15449e+01 5.16573e+01 5.17697e+01 5.18821e+01 5.19944e+01 5.21068e+01 5.22192e+01 5.23316e+01 5.24439e+01 5.25563e+01 5.26687e+01 5.27811e+01 5.28934e+01 5.30058e+01 5.31182e+01 5.32306e+01 5.33429e+01
4.86583e+01 4.87759e+01 4.88935e+01 4.90112e+01 4.91288e+01 4.92464e+01 4.93641e+01 4.94817e+01 4.95993e+01 4.97170e+01 4.98346e+01 4.99522e+01 5.00699e+01 5.01875e+01 5.03051e+01 5.04228e+01 5.05404e+01 5.06580e+01 5.07757e+01 5.08933e+01 5.10109e+01 5.11286e+01 5.12462e+01 5.13638e+01 5.14815e+01 5.15991e+01 5.17167e+01 5.18344e+01 5.19520e+01 5.20696e+01 5.21873e+01 5.23049e+01 5.24225e+01 5.25402e+01 5.26578e+01 5.27754e+01 5.28931e+01 5.30107e+01 5.31283e+01 5.32460e+01 5.33636e+01
4.85012e+01 4.86284e+01 4.87555e+01 4.88827e+01 4.90099e+01 4.91370e+01 4.92642e+01 4.93913e+01 4.95185e+01 4.96456e+01 4.97728e+01 4.98999e+01 5.00271e+01 5.01543e+01 5.02814e+01 5.04086e+01 5.05357e+01 5.06629e+01 5.07900e+01 5.09172e+01 5.10443e+01 5.11715e+01 5.12987e+01 5.14258e+01 5.15530e+01 5.16801e+01 5.18073e+01 5.19344e+01 5.20616e+01 5.21887e+01 5.23159e+01 5.24431e+01 5.25702e+01 5.26974e+01 5.28245e+01 5.29517e+01 5.30788e+01 5.32060e+01 5.33331e+01 5.34603e+01 5.35874e+01
4.83848e+01 4.85136e+01 4.86423e+01 4.87711e+01 4.88999e+01 4.90286e+01 4.91574e+01 4.92861e+01 4.94149e+01 4.95437e+01 4.96724e+01 4.98012e+01 4.99299e+01 5.00587e+01 5.01875e+01 5.03162e+01 5.04450e+01 5.05737e+01 5.07025e+01 5.08312e+01 5.09600e+01 5.10888e+01 5.12175e+01 5.13463e+01 5.14750e+01 5.16038e+01 5.17326e+01 5.18613e+01 5.19901e+01 5.21188e+01 5.22476e+01 5.23764e+01 5.25051e+01 5.26339e+01 5.27626e+01 5.28914e+01 5.30202e+01 5.31489e+01 5.32777e+01 5.34064e+01 5.35352e+01
4.82791e+01 4.84139e+01 4.85488e+01 4.86836e+01 4.88185e+01 4.89534e+01 4.90882e+01 4.92231e+01 4.93579e+01 4.94928e+01 4.96277e+01 4.97625e+01 4.98974e+01 5.00322e+01 5.01671e+01 5.03020e+01 5.04368e+01 5.05717e+01 5.07065e+01 5.08414e+01 5.09763e+01 5.11111e+01 5.12460e+01 5.13808e+01 5.15157e+01 5.16506e+01 5.17854e+01 5.19203e+01 5.20551e+01 5.21900e+01 5.23249e+01 5.24597e+01 5.25946e+01 5.27294e+01 5.28643e+01 5.29992e+01 5.31340e+01 5.32689e+01 5.34037e+01 5.35386e+01 5.36735e+01
4.81771e+01 4.83205e+01 4.84640e+01 4.86074e+01 4.87508e+01 4.88942e+01 4.90376e+01 4.91811e+01 4.93245e+01 4.94679e+01 4.96113e+01 4.97547e+01 4.98981e+01 5.00416e+01 5.01850e+01 5.03284e+01 5.04718e+01 5.06152e+01 5.07587e+01 5.09021e+01 5.10455e+01 5.11889e+01 5.13323e+01 5.14758e+01 5.16192e+01 5.17626e+01 5.19060e+01 5.20494e+01 5.21928e+01 5.23363e+01 5.24797e+01 5.26231e+01 5.27665e+01 5.29099e+01 5.30534e+01 5.31968e+01 5.33402e+01 5.34836e+01 5.36270e+01 5.37705e+01 5.39139e+01
4.81213e+01 4.82663e+01 4.84113e+01 4.85562e+01 4.87012e+01 4.88462e+01 4.89912e+01 4.91362e+01 4.92812e+01 4.94261e+01 4.95711e+01 4.97161e+01 4.98611e+01 5.00061e+01 5.01511e+01 5.02960e+01 5.04410e+01 5.05860e+01 5.07310e+01 5.08760e+01 5.10210e+01 5.11659e+01 5.13109e+01 5.14559e+01 5.16009e+01 5.17459e+01 5.18909e+01 5.20358e+01 5.21808e+01 5.23258e+01 5.24708e+01 5.26158e+01 5.27608e+01 5.29058e+01 5.30507e+01 5.31957e+01 5.33407e+01 5.34857e+01 5.36307e+01 5.37757e+01 5.39206e+01
4.80478e+01 4.81943e+01 4.83408e+01 4.84874e+01 4.86339e+01 4.87804e+01 4.89270e+01 4.90735e+01 4.92200e+01 4.93665e+01 4.95131e+01 4.96596e+01 4.98061e+01 4.99526e+01 5.00992e+01 5.02457e+01 5.03922e+01 5.05388e+01 5.06853e+01 5.08318e+01 5.09783e+01 5.11249e+01 5.12714e+01 5.14179e+01 5.15645e+01 5.17110e+01 5.18575e+01 5.20040e+01 5.21506e+01 5.22971e+01 5.24436e+01 5.25902e+01 5.27367e+01 5.28832e+01 5.30297e+01 5.31763e+01 5.33228e+01 5.34693e+01 5.36159e+01 5.37624e+01 5.39089e+01
4.79140e+01 4.80669e+01 4.82198e+01 4.83727e+01 4.85256e+01 4.86785e+01 4.88314e+01 4.89843e+01 4.91372e+01 4.92902e+01 4.94431e+01 4.95960e+01 4.97489e+01 4.99018e+01 5.00547e+01 5.02076e+01 5.03605e+01 5.05134e+01 5.06663e+01 5.08192e+01 5.09721e+01 5.11251e+01 5.12780e+01 5.14309e+01 5.15838e+01 5.17367e+01 5.18896e+01 5.20425e+01 5.21954e+01 5.23483e+01 5.25012e+01 5.26541e+01 5.28070e+01 5.29600e+01 5.31129e+01 5.32658e+01 5.34187e+01 5.35716e+01 5.37245e+01 5.38774e+01 5.40303e+01
4.78122e+01 4.79653e+01 4.81183e+01 4.82714e+01 4.84244e+01 4.85775e+01 4.87306e+01 4.88836e+01 4.90367e+01 4.91897e+01 4.93428e+01 4.94959e+01 4.96489e+01 4.98020e+01 4.99550e+01 5.01081e+01 5.02611e+01 5.04142e+01 5.05673e+01 5.07203e+01 5.08734e+01 5.10264e+01 5.11795e+01 5.13326e+01 5.14856e+01 5.16387e+01 5.17917e+01 5.19448e+01 5.20979e+01 5.22509e+01 5.24040e+01 5.25570e+01 5.27101e+01 5.28631e+01 5.30162e+01 5.31693e+01 5.33223e+01 5.34754e+01 5.36284e+01 5.37815e+01 5.39346e+01
4.77059e+01 4.78655e+01 4.80251e+01 4.81847e+01 4.83443e+01 4.85039e+01 4.86635e+01 4.88230e+01 4.89826e+01 4.91422e+01 4.93018e+01 4.94614e+01 4.96210e+01 4.97806e+01 4.99402e+01 5.00998e+01 5.02593e+01 5.04189e+01 5.05785e+01 5.07381e+01 5.08977e+01 5.10573e+01 5.12169e+01 5.13765e+01 5.15361e+01 5.16957e+01 5.18552e+01 5.20148e+01 5.21744e+01 5.23340e+01 5.24936e+01 5.26532e+01 5.28128e+01 5.29724e+01 5.31320e+01 5.32915e+01 5.34511e+01 5.36107e+01 5.37703e+01 5.39299e+01 5.40895e+01
4.77012e+01 4.78598e+01 4.80184e+01 4.81770e+01 4.83356e+01 4.84943e+01 4.86529e+01 4.88115e+01 4.89701e+01 4.91287e+01 4.92873e+01 4.94459e+01 4.96046e+01 4.97632e+01 4.99218e+01 5.00804e+01 5.02390e+01 5.03976e+01 5.05562e+01 5.07149e+01 5.08735e+01 5.10321e+01 5.11907e+01 5.13493e+01 5.15079e+01 5.16665e+01 5.18252e+01 5.19838e+01 5.21424e+01 5.23010e+01 5.24596e+01 5.26182e+01 5.27768e+01 5.29355e+01 5.30941e+01 5.32527e+01 5.34113e+01 5.35699e+01 5.37285e+01 5.38871e+01 5.40458e+01
4.76603e+01 4.78208e+01 4.79812e+01 4.81417e+01 4.83021e+01 4.84626e+01 4.86230e+01 4.87835e+01 4.89440e+01 4.91044e+01 4.92649e+01 4.94253e+01 4.95858e+01 4.97462e+01 4.99067e+01 5.00671e+01 5.02276e+01 5.03881e+01 5.05485e+01 5.07090e+01 5.08694e+01 5.10299e+01 5.11903e+01 5.13508e+01 5.15112e+01 5.16717e+01 5.18321e+01 5.19926e+01 5.21531e+01 5.23135e+01 5.24740e+01 5.26344e+01 5.27949e+01 5.29553e+01 5.31158e+01 5.32762e+01 5.34367e+01 5.35972e+01 5.37576e+01 5.39181e+01 5.40785e+01
4.76355e+01 4.77986e+01 4.79617e+01 4.81248e+01 4.82879e+01 4.84510e+01 4.86141e+01 4.87772e+01 4.89402e+01 4.91033e+01 4.92664e+01 4.94295e+01 4.95926e+01 4.97557e+01 4.99188e+01 5.00819e+01 5.02450e+01 5.04081e+01 5.05711e+01 5.07342e+01 5.08973e+01 5.10604e+01 5.12235e+01 5.13866e+01 5.15497e+01 5.17128e+01 5.18759e+01 5.20390e+01 5.22020e+01 5.23651e+01 5.25282e+01 5.26913e+01 5.28544e+01 5.30175e+01 5.31806e+01 5.33437e+01 5.35068e+01 5.36699e+01 5.38329e+01 5.39960e+01 5.41591e+01
4.76122e+01 4.77794e+01 4.79466e+01 4.81138e+01 4.82809e+01 4.84481e+01 4.86153e+01 4.87825e+01 4.89497e+01 4.91169e+01 4.92841e+01 4.94513e+01 4.96185e+01 4.97856e+01 4.99528e+01 5.01200e+01 5.02872e+01 5.04544e+01 5.06216e+01 5.07888e+01 5.09560e+01 5.11232e+01 5.12904e+01 5.14575e+01 5.16247e+01 5.17919e+01 5.19591e+01 5.21263e+01 5.22935e+01 5.24607e+01 5.26279e+01 5.27951e+01 5.29623e+01 5.31294e+01 5.32966e+01 5.34638e+01 5.36310e+01 5.37982e+01 5.39654e+01 5.41326e+01 5.42998e+01
4.75902e+01 4.77573e+01 4.79245e+01 4.80916e+01 4.82588e+01 4.84259e+01 4.85931e+01 4.87602e+01 4.89274e+01 4.90945e+01 4.92617e+01 4.94288e+01 4.95959e+01 4.97631e+01 4.99302e+01 5.00974e+01 5.02645e+01 5.04317e+01 5.05988e+01 5.07660e+01 5.09331e+01 5.11003e+01 5.12674e+01 5.14346e+01 5.16017e+01 5.17689e+01 5.19360e+01 5.21031e+01 5.22703e+01 5.24374e+01 5.26046e+01 5.27717e+01 5.29389e+01 5.31060e+01 5.32732e+01 5.34403e+01 5.36075e+01 5.37746e+01 5.39418e+01 5.41089e+01 5.42760e+01
4.75660e+01 4.77349e+01 4.79039e+01 4.80729e+01 4.82418e+01 4.84108e+01 4.85798e+01 4.87488e+01 4.89177e+01 4.90867e+01 4.92557e+01 4.94246e+01 4.95936e+01 4.97626e+01 4.99316e+01 5.01005e+01 5.02695e+01 5.04385e+01 5.06074e+01 5.07764e+01 5.09454e+01 5.11144e+01 5.12833e+01 5.14523e+01 5.16213e+01 5.17902e+01 5.19592e+01 5.21282e+01 5.22971e+01 5.24661e+01 5.26351e+01 5.28041e+01 5.29730e+01 5.31420e+01 5.33110e+01 5.34799e+01 5.36489e+01 5.38179e+01 5.39869e+01 5.41558e+01 5.43248e+01
4.75407e+01 4.77129e+01 4.78851e+01 4.80574e+01 4.82296e+01 4.84018e+01 4.85741e+01 4.87463e+01 4.89186e+01 4.90908e+01 4.92630e+01 4.94353e+01 4.96075e+01 4.97798e+01 4.99520e+01 5.01242e+01 5.02965e+01 5.04687e+01 5.06410e+01 5.08132e+01 5.09854e+01 5.11577e+01 5.13299e+01 5.15022e+01 5.16744e+01 5.18466e+01 5.20189e+01 5.21911e+01 5.23634e+01 5.25356e+01 5.27078e+01 5.28801e+01 5.30523e+01 5.32245e+01 5.33968e+01 5.35690e+01 5.37413e+01 5.39135e+01 5.40857e+01 5.42580e+01 5.44302e+01
4.75266e+01 4.76986e+01 4.78706e+01 4.80426e+01 4.82145e+01 4.83865e+01 4.85585e+01 4.87305e+01 4.89025e+01 4.90745e+01 4.92465e+01 4.94185e+01 4.95905e+01 4.97625e+01 4.99344e+01 5.01064e+01 5.02784e+01 5.04504e+01 5.06224e+01 5.07944e+01 5.09664e+01 5.11384e+01 5.13104e+01 5.14824e+01 5.16543e+01 5.18263e+01 5.19983e+01 5.21703e+01 5.23423e+01 5.25143e+01 5.26863e+01 5.28583e+01 5.30303e+01 5.32023e+01 5.33742e+01 5.35462e+01 5.37182e+01 5.38902e+01 5.40622e+01 5.42342e+01 5.44062e+01
4.74939e+01 4.76705e+01 4.78470e+01 4.80235e+01 4.82001e+01 4.83766e+01 4.85531e+01 4.87296e+01 4.89062e+01 4.90827e+01 4.92592e+01 4.94357e+01 4.96123e+01 4.97888e+01 4.99653e+01 5.01419e+01 5.03184e+01 5.04949e+01 5.06714e+01 5.08480e+01 5.10245e+01 5.12010e+01 5.13776e+01 5.15541e+01 5.17306e+01 5.19071e+01 5.20837e+01 5.22602e+01 5.24367e+01 5.26132e+01 5.27898e+01 5.29663e+01 5.31428e+01 5.33194e+01 5.34959e+01 5.36724e+01 5.38489e+01 5.40255e+01 5.42020e+01 5.43785e+01 5.45551e+01
4.74713e+01 4.76508e+01 4.78303e+01 4.80098e+01 4.81894e+01 4.83689e+01 4.85484e+01 4.87279e+01 4.89074e+01 4.90869e+01 4.92664e+01 4.94460e+01 4.96255e+01 4.98050e+01 4.99845e+01 5.01640e+01 5.03435e+01 5.05231e+01 5.07026e+01 5.08821e+01 5.10616e+01 5.12411e+01 5.14206e+01 5.16001e+01 5.17797e+01 5.19592e+01 5.21387e+01 5.23182e+01 5.24977e+01 5.26772e+01 5.28567e+01 5.30363e+01 5.32158e+01 5.33953e+01 5.35748e+01 5.37543e+01 5.39338e+01 5.41134e+01 5.42929e+01 5.44724e+01 5.46519e+01
4.74322e+01 4.76136e+01 4.77951e+01 4.79766e+01 4.81580e+01 4.83395e+01 4.85209e+01 4.87024e+01 4.88838e+01 4.90653e+01 4.92467e+01 4.94282e+01 4.96097e+01 4.97911e+01 4.99726e+01 5.01540e+01 5.03355e+01 5.05169e+01 5.06984e+01 5.08798e+01 5.10613e+01 5.12428e+01 5.14242e+01 5.16057e+01 5.17871e+01 5.19686e+01 5.21500e+01 5.23315e+01 5.25130e+01 5.26944e+01 5.28759e+01 5.30573e+01 5.32388e+01 5.34202e+01 5.36017e+01 5.37831e+01 5.39646e+01 5.41461e+01 5.43275e+01 5.45090e+01 5.46904e+01
4.73661e+01 4.75500e+01 4.77339e+01 4.79178e+01 4.81017e+01 4.82856e+01 4.84694e+01 4.86533e+01 4.88372e+01 4.90211e+01 4.92050e+01 4.93889e+01 4.95727e+01 4.97566e+01 4.99405e+01 5.01244e+01 5.03083e+01 5.04922e+01 5.06760e+01 5.08599e+01 5.10438e+01 5.12277e+01 5.14116e+01 5.15955e+01 5.17793e+01 5.19632e+01 5.21471e+01 5.23310e+01 5.25149e+01 5.26988e+01 5.28826e+01 5.30665e+01 5.32504e+01 5.34343e+01 5.36182e+01 5.38021e+01 5.39860e+01 5.41698e+01 5.43537e+01 5.45376e+01 5.47215e+01
4.73176e+01 4.75078e+01 4.76980e+01 4.78882e+01 4.80784e+01 4.82686e+01 4.84588e+01 4.86490e+01 4.88392e+01 4.90294e+01 4.92196e+01 4.94098e+01 4.96000e+01 4.97902e+01 4.99804e+01 5.01706e+01 5.03608e+01 5.05510e+01 5.07412e+01 5.09315e+01 5.11217e+01 5.13119e+01 5.15021e+01 5.16923e+01 5.18825e+01 5.20727e+01 5.22629e+01 5.24531e+01 5.26433e+01 5.28335e+01 5.30237e+01 5.32139e+01 5.34041e+01 5.35943e+01 5.37845e+01 5.39747e+01 5.41649e+01 5.43551e+01 5.45453e+01 5.47355e+01 5.49257e+01
4.72699e+01 4.74648e+01 4.76597e+01 4.78545e+01 4.80494e+01 4.82443e+01 4.84392e+01 4.86341e+01 4.88289e+01 4.90238e+01 4.92187e+01 4.94136e+01 4.96085e+01 4.98034e+01 4.99982e+01 5.01931e+01 5.03880e+01 5.05829e+01 5.07778e+01 5.09727e+01 5.11675e+01 5.13624e+01 5.15573e+01 5.17522e+01 5.19471e+01 5.21419e+01 5.23368e+01 5.25317e+01 5.27266e+01 5.29215e+01 5.31164e+01 5.33112e+01 5.35061e+01 5.37010e+01 5.38959e+01 5.40908e+01 5.42857e+01 5.44805e+01 5.46754e+01 5.48703e+01 5.50652e+01
4.72229e+01 4.74206e+01 4.76182e+01 4.78159e+01 4.80136e+01 4.82112e+01 4.84089e+01 4.86065e+01 4.88042e+01 4.90018e+01 4.91995e+01 4.93971e+01 4.95948e+01 4.97924e+01 4.99901e+01 5.01877e+01 5.03854e+01 5.05831e+01 5.07807e+01 5.09784e+01 5.11760e+01 5.13737e+01 5.15713e+01 5.17690e+01 5.19666e+01 5.21643e+01 5.23619e+01 5.25596e+01 5.27572e+01 5.29549e+01 5.31526e+01 5.33502e+01 5.35479e+01 5.37455e+01 5.39432e+01 5.41408e+01 5.43385e+01 5.45361e+01 5.47338e+01 5.49314e+01 5.51291e+01
4.71773e+01 4.73784e+01 4.75795e+01 4.77806e+01 4.79816e+01 4.81827e+01 4.83838e+01 4.85849e+01 4.87860e+01 4.89870e+01 4.91881e+01 4.93892e+01 4.95903e+01 4.97913e+01 4.99924e+01 5.01935e+01 5.03946e+01 5.05957e+01 5.07967e+01 5.09978e+01 5.11989e+01 5.14000e+01 5.16010e+01 5.18021e+01 5.20032e+01 5.22043e+01 5.24054e+01 5.26064e+01 5.28075e+01 5.30086e+01 5.32097e+01 5.34107e+01 5.36118e+01 5.38129e+01 5.40140e+01 5.42151e+01 5.44161e+01 5.46172e+01 5.48183e+01 5.50194e+01 5.52205e+01
4.71430e+01 4.73494e+01 4.75559e+01 4.77623e+01 4.79687e+01 4.81752e+01 4.83816e+01 4.85881e+01 4.87945e+01 4.90009e+01 4.92074e+01 4.94138e+01 4.96203e+01 4.98267e+01 5.00332e+01 5.02396e+01 5.04460e+01 5.06525e+01 5.08589e+01 5.10654e+01 5.12718e+01 5.14782e+01 5.16847e+01 5.18911e+01 5.20976e+01 5.23040e+01 5.25104e+01 5.27169e+01 5.29233e+01 5.31298e+01 5.33362e+01 5.35426e+01 5.37491e+01 5.39555e+01 5.41620e+01 5.43684e+01 5.45748e+01 5.47813e+01 5.49877e+01 5.51942e+01 5.54006e+01
4.71092e+01 4.73094e+01 4.75095e+01 4.77096e+01 4.79097e+01 4.81098e+01 4.83099e+01 4.85100e+01 4.87101e+01 4.89103e+01 4.91104e+01 4.93105e+01 4.95106e+01 4.97107e+01 4.99108e+01 5.01109e+01 5.03110e+01 5.05112e+01 5.07113e+01 5.09114e+01 5.11115e+01 5.13116e+01 5.15117e+01 5.17118e+01 5.19119e+01 5.21120e+01 5.23122e+01 5.25123e+01 5.27124e+01 5.29125e+01 5.31126e+01 5.33127e+01 5.35128e+01 5.37129e+01 5.39131e+01 5.41132e+01 5.43133e+01 5.45134e+01 5.47135e+01 5.49136e+01 5.51137e+01
4.70761e+01 4.72805e+01 4.74849e+01 4.76894e+01 4.78938e+01 4.80982e+01 4.83027e+01 4.85071e+01 4.87115e+01 4.89160e+01 4.91204e+01 4.93248e+01 4.95293e+01 4.97337e+01 4.99381e+01 5.01426e+01 5.03470e+01 5.05514e+01 5.07559e+01 5.09603e+01 5.11647e+01 5.13692e+01 5.15736e+01 5.17780e+01 5.19824e+01 5.21869e+01 5.23913e+01 5.25957e+01 5.28002e+01 5.30046e+01 5.32090e+01 5.34135e+01 5.36179e+01 5.38223e+01 5.40268e+01 5.42312e+01 5.44356e+01 5.46401e+01 5.48445e+01 5.50489e+01 5.52534e+01
4.70434e+01 4.72481e+01 4.74527e+01 4.76573e+01 4.78619e+01 4.80666e+01 4.82712e+01 4.84758e+01 4.86804e+01 4.88850e+01 4.90897e+01 4.92943e+01 4.94989e+01 4.97035e+01 4.99081e+01 5.01128e+01 5.03174e+01 5.05220e+01 5.07266e+01 5.09312e+01 5.11359e+01 5.13405e+01 5.15451e+01 5.17497e+01 5.19543e+01 5.21590e+01 5.23636e+01 5.25682e+01 5.27728e+01 5.29775e+01 5.31821e+01 5.33867e+01 5.35913e+01 5.37959e+01 5.40006e+01 5.42052e+01 5.44098e+01 5.46144e+01 5.48190e+01 5.50237e+01 5.52283e+01
4.70113e+01 4.72171e+01 4.74228e+01 4.76286e+01 4.78343e+01 4.80401e+01 4.82458e+01 4.84516e+01 4.86573e+01 4.88631e+01 4.90688e+01 4.92746e+01 4.94803e+01 4.96861e+01 4.98918e+01 5.00976e+01 5.03033e+01 5.05091e+01 5.07148e+01 5.09205e+01 5.11263e+01 5.13320e+01 5.15378e+01 5.17435e+01 5.19493e+01 5.21550e+01 5.23608e+01 5.25665e+01 5.27723e+01 5.29780e+01 5.31838e+01 5.33895e+01 5.35953e+01 5.38010e+01 5.40068e+01 5.42125e+01 5.44183e+01 5.46240e+01 5.48298e+01 5.50355e+01 5.52412e+01
4.69797e+01 4.71877e+01 4.73957e+01 4.76036e+01 4.78116e+01 4.80196e+01 4.82275e+01 4.84355e+01 4.86434e+01 4.88514e+01 4.90594e+01 4.92673e+01 4.94753e+01 4.96833e+01 4.98912e+01 5.00992e+01 5.03071e+01 5.05151e+01 5.07231e+01 5.09310e+01 5.11390e+01 5.13470e+01 5.15549e+01 5.17629e+01 5.19709e+01 5.21788e+01 5.23868e+01 5.25947e+01 5.28027e+01 5.30107e+01 5.32186e+01 5.34266e+01 5.36346e+01 5.38425e+01 5.40505e+01 5.42585e+01 5.44664e+01 5.46744e+01 5.48823e+01 5.50903e+01 5.52983e+01
4.69589e+01 4.71683e+01 4.73778e+01 4.75872e+01 4.77966e+01 4.80060e+01 4.82154e+01 4.84249e+01 4.86343e+01 4.88437e+01 4.90531e+01 4.92625e+01 4.94720e+01 4.96814e+01 4.98908e+01 5.01002e+01 5.03096e+01 5.05191e+01 5.07285e+01 5.09379e+01 5.11473e+01 5.13567e+01 5.15662e+01 5.17756e+01 5.19850e+01 5.21944e+01 5.24038e+01 5.26133e+01 5.28227e+01 5.30321e+01 5.32415e+01 5.34509e+01 5.36604e+01 5.38698e+01 5.40792e+01 5.42886e+01 5.44980e+01 5.47075e+01 5.49169e+01 5.51263e+01 5.53357e+01
4.69275e+01 4.71376e+01 4.73478e+01 4.75579e+01 4.77680e+01 4.79781e+01 4.81882e+01 4.83983e+01 4.86084e+01 4.88185e+01 4.90286e+01 4.92388e+01 4.94489e+01 4.96590e+01 4.98691e+01 5.00792e+01 5.02893e+01 5.04994e+01 5.07095e+01 5.09196e+01 5.11298e+01 5.13399e+01 5.15500e+01 5.17601e+01 5.19702e+01 5.21803e+01 5.23904e+01 5.26005e+01 5.28106e+01 5.30208e+01 5.32309e+01 5.34410e+01 5.36511e+01 5.38612e+01 5.40713e+01 5.42814e+01 5.44915e+01 5.47017e+01 5.49118e+01 5.51219e+01 5.53320e+01
4.68960e+01 4.71061e+01 4.73162e+01 4.75263e+01 4.77363e+01 4.79464e+01 4.81565e+01 4.83666e+01 4.85767e+01 4.87868e+01 4.89968e+01 4.92069e+01 4.94170e+01 4.96271e+01 4.98372e+01 5.00473e+01 5.02573e+01 5.04674e+01 5.06775e+01 5.08876e+01 5.10977e+01 5.13077e+01 5.15178e+01 5.17279e+01 5.19380e+01 5.21481e+01 5.23582e+01 5.25682e+01 5.27783e+01 5.29884e+01 5.31985e+01 5.34086e+01 5.36187e+01 5.38287e+01 5.40388e+01 5.42489e+01 5.44590e+01 5.46691e+01 5.48792e+01 5.50892e+01 5.52993e+01
4.68752e+01 4.70879e+01 4.73005e+01 4.75132e+01 4.77258e+01 4.79385e+01 4.81512e+01 4.83638e+01 4.85765e+01 4.87891e+01 4.90018e+01 4.92144e+01 4.94271e+01 4.96397e+01 4.98524e+01 5.00651e+01 5.02777e+01 5.04904e+01 5.07030e+01 5.09157e+01 5.11283e+01 5.13410e+01 5.15537e+01 5.17663e+01 5.19790e+01 5.21916e+01 5.24043e+01 5.26169e+01 5.28296e+01 5.30422e+01 5.32549e+01 5.34676e+01 5.36802e+01 5.38929e+01 5.41055e+01 5.43182e+01 5.45308e+01 5.47435e+01 5.49561e+01 5.51688e+01 5.53815e+01
4.68444e+01 4.70559e+01 4.72674e+01 4.74790e+01 4.76905e+01 4.79020e+01 4.81136e+01 4.83251e+01 4.85366e+01 4.87482e+01 4.89597e+01 4.91712e+01 4.93828e+01 4.95943e+01 4.98058e+01 5.00174e+01 5.02289e+01 5.04404e+01 5.06520e+01 5.08635e+01 5.10750e+01 5.12866e+01 5.14981e+01 5.17096e+01 5.19212e+01 5.21327e+01 5.23442e+01 5.25558e+01 5.27673e+01 5.29788e+01 5.31904e+01 5.34019e+01 5.36134e+01 5.38250e+01 5.40365e+01 5.42480e+01 5.44596e+01 5.46711e+01 5.48826e+01 5.50941e+01 5.53057e+01
4.68240e+01 4.70386e+01 4.72532e+01 4.74678e+01 4.76825e+01 4.78971e+01 4.81117e+01 4.83263e+01 4.85409e+01 4.87555e+01 4.89701e+01 4.91848e+01 4.93994e+01 4.96140e+01 4.98286e+01 5.00432e+01 5.02578e+01 5.04725e+01 5.06871e+01 5.09017e+01 5.11163e+01 5.13309e+01 5.15455e+01 5.17601e+01 5.19748e+01 5.21894e+01 5.24040e+01 5.26186e+01 5.28332e+01 5.30478e+01 5.32625e+01 5.34771e+01 5.36917e+01 5.39063e+01 5.41209e+01 5.43355e+01 5.45501e+01 5.47648e+01 5.49794e+01 5.51940e+01 5.54086e+01
4.67937e+01 4.70089e+01 4.72240e+01 4.74392e+01 4.76543e+01 4.78694e+01 4.80846e+01 4.82997e+01 4.85149e+01 4.87300e+01 4.89452e+01 4.91603e+01 4.93754e+01 4.95906e+01 4.98057e+01 5.00209e+01 5.02360e+01 5.04512e+01 5.06663e+01 5.08814e+01 5.10966e+01 5.13117e+01 5.15269e+01 5.17420e+01 5.19571e+01 5.21723e+01 5.23874e+01 5.26026e+01 5.28177e+01 5.30329e+01 5.32480e+01 5.34631e+01 5.36783e+01 5.38934e+01 5.41086e+01 5.43237e+01 5.45388e+01 5.47540e+01 5.49691e+01 5.51843e+01 5.53994e+01
4.67738e+01 4.69923e+01 4.72108e+01 4.74293e+01 4.76478e+01 4.78663e+01 4.80848e+01 4.83033e+01 4.85218e+01 4.87403e+01 4.89588e+01 4.91774e+01 4.93959e+01 4.96144e+01 4.98329e+01 5.00514e+01 5.02699e+01 5.04884e+01 5.07069e+01 5.09254e+01 5.11439e+01 5.13624e+01 5.15809e+01 5.17995e+01 5.20180e+01 5.22365e+01 5.24550e+01 5.26735e+01 5.28920e+01 5.31105e+01 5.33290e+01 5.35475e+01 5.37660e+01 5.39845e+01 5.42030e+01 5.44216e+01 5.46401e+01 5.48586e+01 5.50771e+01 5.52956e+01 5.55141e+01
4.67441e+01 4.69579e+01 4.71717e+01 4.73854e+01 4.75992e+01 4.78130e+01 4.80268e+01 4.82406e+01 4.84543e+01 4.86681e+01 4.88819e+01 4.90957e+01 4.93095e+01 4.95233e+01 4.97370e+01 4.99508e+01 5.01646e+01 5.03784e+01 5.05922e+01 5.08060e+01 5.10197e+01 5.12335e+01 5.14473e+01 5.16611e+01 5.18749e+01 5.20887e+01 5.23024e+01 5.25162e+01 5.27300e+01 5.29438e+01 5.31576e+01 5.33714e+01 5.35851e+01 5.37989e+01 5.40127e+01 5.42265e+01 5.44403e+01 5.46540e+01 5.48678e+01 5.50816e+01 5.52954e+01
4.67245e+01 4.69436e+01 4.71628e+01 4.73819e+01 4.76011e+01 4.78202e+01 4.80393e+01 4.82585e+01 4.84776e+01 4.86968e+01 4.89159e+01 4.91351e+01 4.93542e+01 4.95734e+01 4.97925e+01 5.00116e+01 5.02308e+01 5.04499e+01 5.06691e+01 5.08882e+01 5.11074e+01 5.13265e+01 5.15456e+01 5.17648e+01 5.19839e+01 5.22031e+01 5.24222e+01 5.26414e+01 5.28605e+01 5.30797e+01 5.32988e+01 5.35179e+01 5.37371e+01 5.39562e+01 5.41754e+01 5.43945e+01 5.46137e+01 5.48328e+01 5.50520e+01 5.52711e+01 5.54902e+01
4.67050e+01 4.69246e+01 4.71441e+01 4.73637e+01 4.75832e+01 4.78028e+01 4.80223e+01 4.82419e+01 4.84614e+01 4.86810e+01 4.89005e+01 4.91201e+01 4.93396e+01 4.95592e+01 4.97787e+01 4.99983e+01 5.02178e+01 5.04374e+01 5.06569e+01 5.08765e+01 5.10960e+01 5.13156e+01 5.15351e+01 5.17547e+01 5.19742e+01 5.21938e+01 5.24133e+01 5.26329e+01 5.28524e+01 5.30720e+01 5.32915e+01 5.35111e+01 5.37306e+01 5.39502e+01 5.41697e+01 5.43893e+01 5.46088e+01 5.48284e+01 5.50479e+01 5.52675e+01 5.54870e+01
4.66763e+01 4.68926e+01 4.71089e+01 4.73252e+01 4.75414e+01 4.77577e+01 4.79740e+01 4.81902e+01 4.84065e+01 4.86228e+01 4.88391e+01 4.90553e+01 4.92716e+01 4.94879e+01 4.97042e+01 4.99204e+01 5.01367e+01 5.03530e+01 5.05693e+01 5.07855e+01 5.10018e+01 5.12181e+01 5.14344e+01 5.16506e+01 5.18669e+01 5.20832e+01 5.22994e+01 5.25157e+01 5.27320e+01 5.29483e+01 5.31645e+01 5.33808e+01 5.35971e+01 5.38134e+01 5.40296e+01 5.42459e+01 5.44622e+01 5.46785e+01 5.48947e+01 5.51110e+01 5.53273e+01
4.67043e+01 4.69241e+01 4.71438e+01 4.73635e+01 4.75833e+01 4.78030e+01 4.80227e+01 4.82425e+01 4.84622e+01 4.86820e+01 4.89017e+01 4.91214e+01 4.93412e+01 4.95609e+01 4.97806e+01 5.00004e+01 5.02201e+01 5.04398e+01 5.06596e+01 5.08793e+01 5.10991e+01 5.13188e+01 5.15385e+01 5.17583e+01 5.19780e+01 5.21977e+01 5.24175e+01 5.26372e+01 5.28570e+01 5.30767e+01 5.32964e+01 5.35162e+01 5.37359e+01 5.39556e+01 5.41754e+01 5.43951e+01 5.46149e+01 5.48346e+01 5.50543e+01 5.52741e+01 5.54938e+01
4.66853e+01 4.69047e+01 4.71240e+01 4.73434e+01 4.75628e+01 4.77821e+01 4.80015e+01 4.82208e+01 4.84402e+01 4.86596e+01 4.88789e+01 4.90983e+01 4.93177e+01 4.95370e+01 4.97564e+01 4.99757e+01 5.01951e+01 5.04145e+01 5.06338e+01 5.08532e+01 5.10725e+01 5.12919e+01 5.15113e+01 5.17306e+01 5.19500e+01 5.21693e+01 5.23887e+01 5.26081e+01 5.28274e+01 5.30468e+01 5.32661e+01 5.34855e+01 5.37049e+01 5.39242e+01 5.41436e+01 5.43629e+01 5.45823e+01 5.48017e+01 5.50210e+01 5.52404e+01 5.54598e+01
4.66680e+01 4.68871e+01 4.71062e+01 4.73253e+01 4.75444e+01 4.77635e+01 4.79826e+01 4.82017e+01 4.84208e+01 4.86399e+01 4.88590e+01 4.90781e+01 4.92972e+01 4.95163e+01 4.97354e+01 4.99545e+01 5.01737e+01 5.03928e+01 5.06119e+01 5.08310e+01 5.10501e+01 5.12692e+01 5.14883e+01 5.17074e+01 5.19265e+01 5.21456e+01 5.23647e+01 5.25838e+01 5.28029e+01 5.30220e+01 5.32411e+01 5.34602e+01 5.36793e+01 5.38984e+01 5.41175e+01 5.43367e+01 5.45558e+01 5.47749e+01 5.49940e+01 5.52131e+01 5.54322e+01
4.66497e+01 4.68710e+01 4.70923e+01 4.73136e+01 4.75349e+01 4.77562e+01 4.79775e+01 4.81988e+01 4.84201e+01 4.86414e+01 4.88627e+01 4.90840e+01 4.93053e+01 4.95266e+01 4.97479e+01 4.99692e+01 5.01905e+01 5.04118e+01 5.06331e+01 5.08544e+01 5.10758e+01 5.12971e+01 5.15184e+01 5.17397e+01 5.19610e+01 5.21823e+01 5.24036e+01 5.26249e+01 5.28462e+01 5.30675e+01 5.32888e+01 5.35101e+01 5.37314e+01 5.39527e+01 5.41740e+01 5.43953e+01 5.46166e+01 5.48379e+01 5.50592e+01 5.52806e+01 5.55019e+01
4.66224e+01 4.68430e+01 4.70636e+01 4.72843e+01 4.75049e+01 4.77255e+01 4.79462e+01 4.81668e+01 4.83874e+01 4.86081e+01 4.88287e+01 4.90493e+01 4.92699e+01 4.94906e+01 4.97112e+01 4.99318e+01 5.01525e+01 5.03731e+01 5.05937e+01 5.08144e+01 5.10350e+01 5.12556e+01 5.14763e+01 5.16969e+01 5.19175e+01 5.21381e+01 5.23588e+01 5.25794e+01 5.28000e+01 5.30207e+01 5.32413e+01 5.34619e+01 5.36826e+01 5.39032e+01 5.41238e+01 5.43445e+01 5.45651e+01 5.47857e+01 5.50063e+01 5.52270e+01 5.54476e+01
4.66043e+01 4.68251e+01 4.70459e+01 4.72666e+01 4.74874e+01 4.77082e+01 4.79289e+01 4.81497e+01 4.83704e+01 4.85912e+01 4.88120e+01 4.90327e+01 4.92535e+01 4.94743e+01 4.96950e+01 4.99158e+01 5.01366e+01 5.03573e+01 5.05781e+01 5.07989e+01 5.10196e+01 5.12404e+01 5.14612e+01 5.16819e+01 5.19027e+01 5.21235e+01 5.23442e+01 5.25650e+01 5.27857e+01 5.30065e+01 5.32273e+01 5.34480e+01 5.36688e+01 5.38896e+01 5.41103e+01 5.43311e+01 5.45519e+01 5.47726e+01 5.49934e+01 5.52142e+01 5.54349e+01
4.65857e+01 4.68098e+01 4.70339e+01 4.72580e+01 4.74821e+01 4.77062e+01 4.79303e+01 4.81544e+01 4.83786e+01 4.86027e+01 4.88268e+01 4.90509e+01 4.92750e+01 4.94991e+01 4.97232e+01 4.99473e+01 5.01714e+01 5.03955e+01 5.06196e+01 5.08437e+01 5.10678e+01 5.12919e+01 5.15160e+01 5.17401e+01 5.19643e+01 5.21884e+01 5.24125e+01 5.26366e+01 5.28607e+01 5.30848e+01 5.33089e+01 5.35330e+01 5.37571e+01 5.39812e+01 5.42053e+01 5.44294e+01 5.46535e+01 5.48776e+01 5.51017e+01 5.53259e+01 5.55500e+01
4.65522e+01 4.67766e+01 4.70010e+01 4.72254e+01 4.74498e+01 4.76742e+01 4.78986e+01 4.81230e+01 4.83474e+01 4.85718e+01 4.87962e+01 4.90206e+01 4.92450e+01 4.94694e+01 4.96938e+01 4.99182e+01 5.01426e+01 5.03670e+01 5.05914e+01 5.08158e+01 5.10403e+01 5.12647e+01 5.14891e+01 5.17135e+01 5.19379e+01 5.21623e+01 5.23867e+01 5.26111e+01 5.28355e+01 5.30599e+01 5.32843e+01 5.35087e+01 5.37331e+01 5.39575e+01 5.41819e+01 5.44063e+01 5.46307e+01 5.48551e+01 5.50795e+01 5.53039e+01 5.55283e+01
4.65787e+01 4.68031e+01 4.70276e+01 4.72520e+01 4.74764e+01 4.77009e+01 4.79253e+01 4.81497e+01 4.83742e+01 4.85986e+01 4.88231e+01 4.90475e+01 4.92719e+01 4.94964e+01 4.97208e+01 4.99452e+01 5.01697e+01 5.03941e+01 5.06185e+01 5.08430e+01 5.10674e+01 5.12918e+01 5.15163e+01 5.17407e+01 5.19651e+01 5.21896e+01 5.24140e+01 5.26385e+01 5.28629e+01 5.30873e+01 5.33118e+01 5.35362e+01 5.37606e+01 5.39851e+01 5.42095e+01 5.44339e+01 5.46584e+01 5.48828e+01 5.51072e+01 5.53317e+01 5.55561e+01
4.65599e+01 4.67841e+01 4.70083e+01 4.72325e+01 4.74566e+01 4.76808e+01 4.79050e+01 4.81292e+01 4.83534e+01 4.85776e+01 4.88018e+01 4.90259e+01 4.92501e+01 4.94743e+01 4.96985e+01 4.99227e+01 5.01469e+01 5.03710e+01 5.05952e+01 5.08194e+01 5.10436e+01 5.12678e+01 5.14920e+01 5.17161e+01 5.19403e+01 5.21645e+01 5.23887e+01 5.26129e+01 5.28371e+01 5.30613e+01 5.32854e+01 5.35096e+01 5.37338e+01 5.39580e+01 5.41822e+01 5.44064e+01 5.46305e+01 5.48547e+01 5.50789e+01 5.53031e+01 5.55273e+01
4.65412e+01 4.67662e+01 4.69912e+01 4.72162e+01 4.74412e+01 4.76662e+01 4.78913e+01 4.81163e+01 4.83413e+01 4.85663e+01 4.87913e+01 4.90163e+01 4.92413e+01 4.94663e+01 4.96913e+01 4.99163e+01 5.01413e+01 5.03664e+01 5.05914e+01 5.08164e+01 5.10414e+01 5.12664e+01 5.14914e+01 5.17164e+01 5.19414e+01 5.21664e+01 5.23914e+01 5.26164e+01 5.28415e+01 5.30665e+01 5.32915e+01 5.35165e+01 5.37415e+01 5.39665e+01 5.41915e+01 5.44165e+01 5.46415e+01 5.48665e+01 5.50916e+01 5.53166e+01 5.55416e+01
4.65223e+01 4.67458e+01 4.69694e+01 4.71929e+01 4.74164e+01 4.76399e+01 4.78634e+01 4.80870e+01 4.83105e+01 4.85340e+01 4.87575e+01 4.89810e+01 4.92046e+01 4.94281e+01 4.96516e+01 4.98751e+01 5.00987e+01 5.03222e+01 5.05457e+01 5.07692e+01 5.09927e+01 5.12163e+01 5.14398e+01 5.16633e+01 5.18868e+01 5.21103e+01 5.23339e+01 5.25574e+01 5.27809e+01 5.30044e+01 5.32280e+01 5.34515e+01 5.36750e+01 5.38985e+01 5.41220e+01 5.43456e+01 5.45691e+01 5.47926e+01 5.50161e+01 5.52396e+01 5.54632e+01
4.63953e+01 4.66229e+01 4.68504e+01 4.70780e+01 4.73056e+01 4.75332e+01 4.77607e+01 4.79883e+01 4.82159e+01 4.84435e+01 4.86710e+01 4.88986e+01 4.91262e+01 4.93538e+01 4.95813e+01 4.98089e+01 5.00365e+01 5.02641e+01 5.04917e+01 5.07192e+01 5.09468e+01 5.11744e+01 5.14020e+01 5.16295e+01 5.18571e+01 5.20847e+01 5.23123e+01 5.25398e+01 5.27674e+01 5.29950e+01 5.32226e+01 5.34501e+01 5.36777e+01 5.39053e+01 5.41329e+01 5.43604e+01 5.45880e+01 5.48156e+01 5.50432e+01 5.52707e+01 5.54983e+01
4.63658e+01 4.65960e+01 4.68262e+01 4.70565e+01 4.72867e+01 4.75169e+01 4.77471e+01 4.79774e+01 4.82076e+01 4.84378e+01 4.86680e+01 4.88983e+01 4.91285e+01 4.93587e+01 4.95890e+01 4.98192e+01 5.00494e+01 5.02796e+01 5.05099e+01 5.07401e+01 5.09703e+01 5.12005e+01 5.14308e+01 5.16610e+01 5.18912e+01 5.21215e+01 5.23517e+01 5.25819e+01 5.28121e+01 5.30424e+01 5.32726e+01 5.35028e+01 5.37330e+01 5.39633e+01 5.41935e+01 5.44237e+01 5.46539e+01 5.48842e+01 5.51144e+01 5.53446e+01 5.55749e+01
4.64495e+01 4.66751e+01 4.69007e+01 4.71263e+01 4.73519e+01 4.75775e+01 4.78031e+01 4.80287e+01 4.82543e+01 4.84799e+01 4.87055e+01 4.89311e+01 4.91567e+01 4.93823e+01 4.96079e+01 4.98335e+01 5.00591e+01 5.02847e+01 5.05103e+01 5.07359e+01 5.09615e+01 5.11871e+01 5.14127e+01 5.16383e+01 5.18639e+01 5.20895e+01 5.23151e+01 5.25407e+01 5.27663e+01 5.29919e+01 5.32175e+01 5.34431e+01 5.36687e+01 5.38943e+01 5.41199e+01 5.43455e+01 5.45711e+01 5.47967e+01 5.50223e+01 5.52479e+01 5.54735e+01
4.63214e+01 4.65546e+01 4.67878e+01 4.70210e+01 4.72542e+01 4.74874e+01 4.77207e+01 4.79539e+01 4.81871e+01 4.84203e+01 4.86535e+01 4.88867e+01 4.91199e+01 4.93531e+01 4.95863e+01 4.98195e+01 5.00527e+01 5.02859e+01 5.05192e+01 5.07524e+01 5.09856e+01 5.12188e+01 5.14520e+01 5.16852e+01 5.19184e+01 5.21516e+01 5.23848e+01 5.26180e+01 5.28512e+01 5.30844e+01 5.33177e+01 5.35509e+01 5.37841e+01 5.40173e+01 5.42505e+01 5.44837e+01 5.47169e+01 5.49501e+01 5.51833e+01 5.54165e+01 5.56497e+01
4.62922e+01 4.65234e+01 4.67546e+01 4.69858e+01 4.72171e+01 4.74483e+01 4.76795e+01 4.79107e+01 4.81419e+01 4.83732e+01 4.86044e+01 4.88356e+01 4.90668e+01 4.92981e+01 4.95293e+01 4.97605e+01 4.99917e+01 5.02229e+01 5.04542e+01 5.06854e+01 5.09166e+01 5.11478e+01 5.13790e+01 5.16103e+01 5.18415e+01 5.20727e+01 5.23039e+01 5.25352e+01 5.27664e+01 5.29976e+01 5.32288e+01 5.34600e+01 5.36913e+01 5.39225e+01 5.41537e+01 5.43849e+01 5.46161e+01 5.48474e+01 5.50786e+01 5.53098e+01 5.55410e+01
4.62634e+01 4.64978e+01 4.67322e+01 4.69666e+01 4.72010e+01 4.74354e+01 4.76698e+01 4.79042e+01 4.81385e+01 4.83729e+01 4.86073e+01 4.88417e+01 4.90761e+01 4.93105e+01 4.95449e+01 4.97793e+01 5.00137e+01 5.02480e+01 5.04824e+01 5.07168e+01 5.09512e+01 5.11856e+01 5.14200e+01 5.16544e+01 5.18888e+01 5.21232e+01 5.23575e+01 5.25919e+01 5.28263e+01 5.30607e+01 5.32951e+01 5.35295e+01 5.37639e+01 5.39983e+01 5.42327e+01 5.44671e+01 5.47014e+01 5.49358e+01 5.51702e+01 5.54046e+01 5.56390e+01
4.62351e+01 4.64735e+01 4.67119e+01 4.69503e+01 4.71887e+01 4.74271e+01 4.76655e+01 4.79039e+01 4.81423e+01 4.83807e+01 4.86190e+01 4.88574e+01 4.90958e+01 4.93342e+01 4.95726e+01 4.98110e+01 5.00494e+01 5.02878e+01 5.05262e+01 5.07646e+01 5.10029e+01 5.12413e+01 5.14797e+01 5.17181e+01 5.19565e+01 5.21949e+01 5.24333e+01 5.26717e+01 5.29101e+01 5.31485e+01 5.33868e+01 5.36252e+01 5.38636e+01 5.41020e+01 5.43404e+01 5.45788e+01 5.48172e+01 5.50556e+01 5.52940e+01 5.55324e+01 5.57708e+01
4.62073e+01 4.64449e+01 4.66825e+01 4.69200e+01 4.71576e+01 4.73952e+01 4.76328e+01 4.78703e+01 4.81079e+01 4.83455e+01 4.85831e+01 4.88207e+01 4.90582e+01 4.92958e+01 4.95334e+01 4.97710e+01 5.00085e+01 5.02461e+01 5.04837e+01 5.07213e+01 5.09589e+01 5.11964e+01 5.14340e+01 5.16716e+01 5.19092e+01 5.21467e+01 5.23843e+01 5.26219e+01 5.28595e+01 5.30971e+01 5.33346e+01 5.35722e+01 5.38098e+01 5.40474e+01 5.42849e+01 5.45225e+01 5.47601e+01 5.49977e+01 5.52353e+01 5.54728e+01 5.57104e+01
4.61799e+01 4.64189e+01 4.66579e+01 4.68969e+01 4.71360e+01 4.73750e+01 4.76140e+01 4.78530e+01 4.80920e+01 4.83311e+01 4.85701e+01 4.88091e+01 4.90481e+01 4.92871e+01 4.95262e+01 4.97652e+01 5.00042e+01 5.02432e+01 5.04823e+01 5.07213e+01 5.09603e+01 5.11993e+01 5.14383e+01 5.16774e+01 5.19164e+01 5.21554e+01 5.23944e+01 5.26334e+01 5.28725e+01 5.31115e+01 5.33505e+01 5.35895e+01 5.38285e+01 5.40676e+01 5.43066e+01 5.45456e+01 5.47846e+01 5.50237e+01 5.52627e+01 5.55017e+01 5.57407e+01
4.61663e+01 4.64052e+01 4.66441e+01 4.68830e+01 4.71219e+01 4.73608e+01 4.75997e+01 4.78386e+01 4.80775e+01 4.83164e+01 4.85553e+01 4.87942e+01 4.90331e+01 4.92720e+01 4.95109e+01 4.97498e+01 4.99887e+01 5.02276e+01 5.04665e+01 5.07054e+01 5.09443e+01 5.11832e+01 5.14221e+01 5.16610e+01 5.18999e+01 5.21388e+01 5.23777e+01 5.26166e+01 5.28555e+01 5.30944e+01 5.33333e+01 5.35722e+01 5.38111e+01 5.40500e+01 5.42889e+01 5.45278e+01 5.47667e+01 5.50056e+01 5.52445e+01 5.54834e+01 5.57223e+01
4.61395e+01 4.63819e+01 4.66244e+01 4.68668e+01 4.71092e+01 4.73517e+01 4.75941e+01 4.78365e+01 4.80790e+01 4.83214e+01 4.85638e+01 4.88063e+01 4.90487e+01 4.92911e+01 4.95336e+01 4.97760e+01 5.00184e+01 5.02609e+01 5.05033e+01 5.07457e+01 5.09882e+01 5.12306e+01 5.14730e+01 5.17155e+01 5.19579e+01 5.22003e+01 5.24428e+01 5.26852e+01 5.29277e+01 5.31701e+01 5.34125e+01 5.36550e+01 5.38974e+01 5.41398e+01 5.43823e+01 5.46247e+01 5.48671e+01 5.51096e+01 5.53520e+01 5.55944e+01 5.58369e+01
4.61131e+01 4.63594e+01 4.66058e+01 4.68522e+01 4.70986e+01 4.73449e+01 4.75913e+01 4.78377e+01 4.80841e+01 4.83304e+01 4.85768e+01 4.88232e+01 4.90696e+01 4.93159e+01 4.95623e+01 4.98087e+01 5.00551e+01 5.03014e+01 5.05478e+01 5.07942e+01 5.10406e+01 5.12869e+01 5.15333e+01 5.17797e+01 5.20261e+01 5.22724e+01 5.25188e+01 5.27652e+01 5.30116e+01 5.32579e+01 5.35043e+01 5.37507e+01 5.39971e+01 5.42434e+01 5.44898e+01 5.47362e+01 5.49826e+01 5.52289e+01 5.54753e+01 5.57217e+01 5.59681e+01
4.61001e+01 4.63472e+01 4.65942e+01 4.68413e+01 4.70883e+01 4.73354e+01 4.75825e+01 4.78295e+01 4.80766e+01 4.83236e+01 4.85707e+01 4.88178e+01 4.90648e+01 4.93119e+01 4.95589e+01 4.98060e+01 5.00531e+01 5.03001e+01 5.05472e+01 5.07942e+01 5.10413e+01 5.12884e+01 5.15354e+01 5.17825e+01 5.20295e+01 5.22766e+01 5.25237e+01 5.27707e+01 5.30178e+01 5.32648e+01 5.35119e+01 5.37590e+01 5.40060e+01 5.42531e+01 5.45001e+01 5.47472e+01 5.49943e+01 5.52413e+01 5.54884e+01 5.57355e+01 5.59825e+01
