# log10(M_halo) [Msun] (shape are redshift.size and 51)
9.00000e+00 9.04000e+00 9.08000e+00 9.12000e+00 9.16000e+00 9.20000e+00 9.24000e+00 9.28000e+00 9.32000e+00 9.36000e+00 9.40000e+00 9.44000e+00 9.48000e+00 9.52000e+00 9.56000e+00 9.60000e+00 9.64000e+00 9.68000e+00 9.72000e+00 9.76000e+00 9.80000e+00 9.84000e+00 9.88000e+00 9.92000e+00 9.96000e+00 1.00000e+01 1.00400e+01 1.00800e+01 1.01200e+01 1.01600e+01 1.02000e+01 1.02400e+01 1.02800e+01 1.03200e+01 1.03600e+01 1.04000e+01 1.04400e+01 1.04800e+01 1.05200e+01 1.05600e+01 1.06000e+01 1.06400e+01 1.06800e+01 1.07200e+01 1.07600e+01 1.08000e+01 1.08400e+01 1.08800e+01 1.09200e+01 1.09600e+01 1.10000e+01
9.00000e+00 9.04000e+00 9.08000e+00 9.12000e+00 9.16000e+00 9.20000e+00 9.24000e+00 9.28000e+00 9.32000e+00 9.36000e+00 9.40000e+00 9.44000e+00 9.48000e+00 9.52000e+00 9.56000e+00 9.60000e+00 9.64000e+00 9.68000e+00 9.72000e+00 9.76000e+00 9.80000e+00 9.84000e+00 9.88000e+00 9.92000e+00 9.96000e+00 1.00000e+01 1.00400e+01 1.00800e+01 1.01200e+01 1.01600e+01 1.02000e+01 1.02400e+01 1.02800e+01 1.03200e+01 1.03600e+01 1.04000e+01 1.04400e+01 1.04800e+01 1.05200e+01 1.05600e+01 1.06000e+01 1.06400e+01 1.06800e+01 1.07200e+01 1.07600e+01 1.08000e+01 1.08400e+01 1.08800e+01 1.09200e+01 1.09600e+01 1.10000e+01
9.00000e+00 9.04000e+00 9.08000e+00 9.12000e+00 9.16000e+00 9.20000e+00 9.24000e+00 9.28000e+00 9.32000e+00 9.36000e+00 9.40000e+00 9.44000e+00 9.48000e+00 9.52000e+00 9.56000e+00 9.60000e+00 9.64000e+00 9.68000e+00 9.72000e+00 9.76000e+00 9.80000e+00 9.84000e+00 9.88000e+00 9.92000e+00 9.96000e+00 1.00000e+01 1.00400e+01 1.00800e+01 1.01200e+01 1.01600e+01 1.02000e+01 1.02400e+01 1.02800e+01 1.03200e+01 1.03600e+01 1.04000e+01 1.04400e+01 1.04800e+01 1.05200e+01 1.05600e+01 1.06000e+01 1.06400e+01 1.06800e+01 1.07200e+01 1.07600e+01 1.08000e+01 1.08400e+01 1.08800e+01 1.09200e+01 1.09600e+01 1.10000e+01
9.00000e+00 9.04000e+00 9.08000e+00 9.12000e+00 9.16000e+00 9.20000e+00 9.24000e+00 9.28000e+00 9.32000e+00 9.36000e+00 9.40000e+00 9.44000e+00 9.48000e+00 9.52000e+00 9.56000e+00 9.60000e+00 9.64000e+00 9.68000e+00 9.72000e+00 9.76000e+00 9.80000e+00 9.84000e+00 9.88000e+00 9.92000e+00 9.96000e+00 1.00000e+01 1.00400e+01 1.00800e+01 1.01200e+01 1.01600e+01 1.02000e+01 1.02400e+01 1.02800e+01 1.03200e+01 1.03600e+01 1.04000e+01 1.04400e+01 1.04800e+01 1.05200e+01 1.05600e+01 1.06000e+01 1.06400e+01 1.06800e+01 1.07200e+01 1.07600e+01 1.08000e+01 1.08400e+01 1.08800e+01 1.09200e+01 1.09600e+01 1.10000e+01
9.00000e+00 9.04000e+00 9.08000e+00 9.12000e+00 9.16000e+00 9.20000e+00 9.24000e+00 9.28000e+00 9.32000e+00 9.36000e+00 9.40000e+00 9.44000e+00 9.48000e+00 9.52000e+00 9.56000e+00 9.60000e+00 9.64000e+00 9.68000e+00 9.72000e+00 9.76000e+00 9.80000e+00 9.84000e+00 9.88000e+00 9.92000e+00 9.96000e+00 1.00000e+01 1.00400e+01 1.00800e+01 1.01200e+01 1.01600e+01 1.02000e+01 1.02400e+01 1.02800e+01 1.03200e+01 1.03600e+01 1.04000e+01 1.04400e+01 1.04800e+01 1.05200e+01 1.05600e+01 1.06000e+01 1.06400e+01 1.06800e+01 1.07200e+01 1.07600e+01 1.08000e+01 1.08400e+01 1.08800e+01 1.09200e+01 1.09600e+01 1.10000e+01
9.00000e+00 9.04000e+00 9.08000e+00 9.12000e+00 9.16000e+00 9.20000e+00 9.24000e+00 9.28000e+00 9.32000e+00 9.36000e+00 9.40000e+00 9.44000e+00 9.48000e+00 9.52000e+00 9.56000e+00 9.60000e+00 9.64000e+00 9.68000e+00 9.72000e+00 9.76000e+00 9.80000e+00 9.84000e+00 9.88000e+00 9.92000e+00 9.96000e+00 1.00000e+01 1.00400e+01 1.00800e+01 1.01200e+01 1.01600e+01 1.02000e+01 1.02400e+01 1.02800e+01 1.03200e+01 1.03600e+01 1.04000e+01 1.04400e+01 1.04800e+01 1.05200e+01 1.05600e+01 1.06000e+01 1.06400e+01 1.06800e+01 1.07200e+01 1.07600e+01 1.08000e+01 1.08400e+01 1.08800e+01 1.09200e+01 1.09600e+01 1.10000e+01
9.00000e+00 9.01422e+00 9.02844e+00 9.04266e+00 9.05688e+00 9.07110e+00 9.08531e+00 9.09953e+00 9.11375e+00 9.12797e+00 9.14219e+00 9.15641e+00 9.17063e+00 9.18485e+00 9.19907e+00 9.21329e+00 9.22751e+00 9.24173e+00 9.25594e+00 9.27016e+00 9.28438e+00 9.29860e+00 9.31282e+00 9.32704e+00 9.34126e+00 9.35548e+00 9.36970e+00 9.38392e+00 9.39814e+00 9.41236e+00 9.42657e+00 9.44079e+00 9.45501e+00 9.46923e+00 9.48345e+00 9.49767e+00 9.51189e+00 9.52611e+00 9.54033e+00 9.55455e+00 9.56877e+00 9.58298e+00 9.59720e+00 9.61142e+00 9.62564e+00 9.63986e+00 9.65408e+00 9.66830e+00 9.68252e+00 9.69674e+00 9.71096e+00
9.00000e+00 9.04000e+00 9.08000e+00 9.12000e+00 9.16000e+00 9.20000e+00 9.24000e+00 9.28000e+00 9.32000e+00 9.36000e+00 9.40000e+00 9.44000e+00 9.48000e+00 9.52000e+00 9.56000e+00 9.60000e+00 9.64000e+00 9.68000e+00 9.72000e+00 9.76000e+00 9.80000e+00 9.84000e+00 9.88000e+00 9.92000e+00 9.96000e+00 1.00000e+01 1.00400e+01 1.00800e+01 1.01200e+01 1.01600e+01 1.02000e+01 1.02400e+01 1.02800e+01 1.03200e+01 1.03600e+01 1.04000e+01 1.04400e+01 1.04800e+01 1.05200e+01 1.05600e+01 1.06000e+01 1.06400e+01 1.06800e+01 1.07200e+01 1.07600e+01 1.08000e+01 1.08400e+01 1.08800e+01 1.09200e+01 1.09600e+01 1.10000e+01
9.00000e+00 9.01796e+00 9.03592e+00 9.05388e+00 9.07185e+00 9.08981e+00 9.10777e+00 9.12573e+00 9.14369e+00 9.16165e+00 9.17962e+00 9.19758e+00 9.21554e+00 9.23350e+00 9.25146e+00 9.26942e+00 9.28739e+00 9.30535e+00 9.32331e+00 9.34127e+00 9.35923e+00 9.37719e+00 9.39515e+00 9.41312e+00 9.43108e+00 9.44904e+00 9.46700e+00 9.48496e+00 9.50292e+00 9.52089e+00 9.53885e+00 9.55681e+00 9.57477e+00 9.59273e+00 9.61069e+00 9.62865e+00 9.64662e+00 9.66458e+00 9.68254e+00 9.70050e+00 9.71846e+00 9.73642e+00 9.75439e+00 9.77235e+00 9.79031e+00 9.80827e+00 9.82623e+00 9.84419e+00 9.86216e+00 9.88012e+00 9.89808e+00
9.00000e+00 9.01898e+00 9.03797e+00 9.05695e+00 9.07594e+00 9.09492e+00 9.11390e+00 9.13289e+00 9.15187e+00 9.17085e+00 9.18984e+00 9.20882e+00 9.22781e+00 9.24679e+00 9.26577e+00 9.28476e+00 9.30374e+00 9.32273e+00 9.34171e+00 9.36069e+00 9.37968e+00 9.39866e+00 9.41764e+00 9.43663e+00 9.45561e+00 9.47460e+00 9.49358e+00 9.51256e+00 9.53155e+00 9.55053e+00 9.56952e+00 9.58850e+00 9.60748e+00 9.62647e+00 9.64545e+00 9.66444e+00 9.68342e+00 9.70240e+00 9.72139e+00 9.74037e+00 9.75935e+00 9.77834e+00 9.79732e+00 9.81631e+00 9.83529e+00 9.85427e+00 9.87326e+00 9.89224e+00 9.91123e+00 9.93021e+00 9.94919e+00
9.00000e+00 9.02037e+00 9.04074e+00 9.06111e+00 9.08148e+00 9.10185e+00 9.12222e+00 9.14259e+00 9.16296e+00 9.18333e+00 9.20370e+00 9.22407e+00 9.24444e+00 9.26481e+00 9.28518e+00 9.30555e+00 9.32592e+00 9.34629e+00 9.36666e+00 9.38703e+00 9.40740e+00 9.42777e+00 9.44814e+00 9.46851e+00 9.48888e+00 9.50925e+00 9.52962e+00 9.54999e+00 9.57036e+00 9.59073e+00 9.61110e+00 9.63147e+00 9.65184e+00 9.67221e+00 9.69258e+00 9.71295e+00 9.73332e+00 9.75369e+00 9.77406e+00 9.79443e+00 9.81480e+00 9.83517e+00 9.85554e+00 9.87591e+00 9.89628e+00 9.91665e+00 9.93702e+00 9.95739e+00 9.97776e+00 9.99813e+00 1.00185e+01
9.00000e+00 9.02126e+00 9.04253e+00 9.06379e+00 9.08506e+00 9.10632e+00 9.12759e+00 9.14885e+00 9.17012e+00 9.19138e+00 9.21265e+00 9.23391e+00 9.25518e+00 9.27644e+00 9.29771e+00 9.31897e+00 9.34024e+00 9.36150e+00 9.38277e+00 9.40403e+00 9.42530e+00 9.44656e+00 9.46783e+00 9.48909e+00 9.51036e+00 9.53162e+00 9.55289e+00 9.57415e+00 9.59542e+00 9.61668e+00 9.63794e+00 9.65921e+00 9.68047e+00 9.70174e+00 9.72300e+00 9.74427e+00 9.76553e+00 9.78680e+00 9.80806e+00 9.82933e+00 9.85059e+00 9.87186e+00 9.89312e+00 9.91439e+00 9.93565e+00 9.95692e+00 9.97818e+00 9.99945e+00 1.00207e+01 1.00420e+01 1.00632e+01
9.00000e+00 9.02309e+00 9.04617e+00 9.06926e+00 9.09234e+00 9.11543e+00 9.13851e+00 9.16160e+00 9.18468e+00 9.20777e+00 9.23085e+00 9.25394e+00 9.27702e+00 9.30011e+00 9.32320e+00 9.34628e+00 9.36937e+00 9.39245e+00 9.41554e+00 9.43862e+00 9.46171e+00 9.48479e+00 9.50788e+00 9.53096e+00 9.55405e+00 9.57713e+00 9.60022e+00 9.62331e+00 9.64639e+00 9.66948e+00 9.69256e+00 9.71565e+00 9.73873e+00 9.76182e+00 9.78490e+00 9.80799e+00 9.83107e+00 9.85416e+00 9.87724e+00 9.90033e+00 9.92342e+00 9.94650e+00 9.96959e+00 9.99267e+00 1.00158e+01 1.00388e+01 1.00619e+01 1.00850e+01 1.01081e+01 1.01312e+01 1.01543e+01
9.00000e+00 9.02524e+00 9.05048e+00 9.07572e+00 9.10096e+00 9.12620e+00 9.15143e+00 9.17667e+00 9.20191e+00 9.22715e+00 9.25239e+00 9.27763e+00 9.30287e+00 9.32811e+00 9.35335e+00 9.37859e+00 9.40383e+00 9.42906e+00 9.45430e+00 9.47954e+00 9.50478e+00 9.53002e+00 9.55526e+00 9.58050e+00 9.60574e+00 9.63098e+00 9.65622e+00 9.68146e+00 9.70669e+00 9.73193e+00 9.75717e+00 9.78241e+00 9.80765e+00 9.83289e+00 9.85813e+00 9.88337e+00 9.90861e+00 9.93385e+00 9.95909e+00 9.98432e+00 1.00096e+01 1.00348e+01 1.00600e+01 1.00853e+01 1.01105e+01 1.01358e+01 1.01610e+01 1.01862e+01 1.02115e+01 1.02367e+01 1.02620e+01
9.00000e+00 9.02619e+00 9.05239e+00 9.07858e+00 9.10477e+00 9.13097e+00 9.15716e+00 9.18336e+00 9.20955e+00 9.23574e+00 9.26194e+00 9.28813e+00 9.31432e+00 9.34052e+00 9.36671e+00 9.39291e+00 9.41910e+00 9.44529e+00 9.47149e+00 9.49768e+00 9.52387e+00 9.55007e+00 9.57626e+00 9.60246e+00 9.62865e+00 9.65484e+00 9.68104e+00 9.70723e+00 9.73342e+00 9.75962e+00 9.78581e+00 9.81201e+00 9.83820e+00 9.86439e+00 9.89059e+00 9.91678e+00 9.94297e+00 9.96917e+00 9.99536e+00 1.00216e+01 1.00477e+01 1.00739e+01 1.01001e+01 1.01263e+01 1.01525e+01 1.01787e+01 1.02049e+01 1.02311e+01 1.02573e+01 1.02835e+01 1.03097e+01
9.00000e+00 9.02705e+00 9.05410e+00 9.08115e+00 9.10820e+00 9.13526e+00 9.16231e+00 9.18936e+00 9.21641e+00 9.24346e+00 9.27051e+00 9.29756e+00 9.32461e+00 9.35166e+00 9.37872e+00 9.40577e+00 9.43282e+00 9.45987e+00 9.48692e+00 9.51397e+00 9.54102e+00 9.56807e+00 9.59512e+00 9.62218e+00 9.64923e+00 9.67628e+00 9.70333e+00 9.73038e+00 9.75743e+00 9.78448e+00 9.81153e+00 9.83859e+00 9.86564e+00 9.89269e+00 9.91974e+00 9.94679e+00 9.97384e+00 1.00009e+01 1.00279e+01 1.00550e+01 1.00820e+01 1.01091e+01 1.01361e+01 1.01632e+01 1.01902e+01 1.02173e+01 1.02444e+01 1.02714e+01 1.02985e+01 1.03255e+01 1.03526e+01
9.00000e+00 9.02887e+00 9.05774e+00 9.08661e+00 9.11548e+00 9.14436e+00 9.17323e+00 9.20210e+00 9.23097e+00 9.25984e+00 9.28871e+00 9.31758e+00 9.34645e+00 9.37532e+00 9.40419e+00 9.43307e+00 9.46194e+00 9.49081e+00 9.51968e+00 9.54855e+00 9.57742e+00 9.60629e+00 9.63516e+00 9.66403e+00 9.69290e+00 9.72178e+00 9.75065e+00 9.77952e+00 9.80839e+00 9.83726e+00 9.86613e+00 9.89500e+00 9.92387e+00 9.95274e+00 9.98161e+00 1.00105e+01 1.00394e+01 1.00682e+01 1.00971e+01 1.01260e+01 1.01548e+01 1.01837e+01 1.02126e+01 1.02415e+01 1.02703e+01 1.02992e+01 1.03281e+01 1.03569e+01 1.03858e+01 1.04147e+01 1.04436e+01
9.00000e+00 9.02986e+00 9.05971e+00 9.08957e+00 9.11943e+00 9.14929e+00 9.17914e+00 9.20900e+00 9.23886e+00 9.26871e+00 9.29857e+00 9.32843e+00 9.35828e+00 9.38814e+00 9.41800e+00 9.44786e+00 9.47771e+00 9.50757e+00 9.53743e+00 9.56728e+00 9.59714e+00 9.62700e+00 9.65685e+00 9.68671e+00 9.71657e+00 9.74643e+00 9.77628e+00 9.80614e+00 9.83600e+00 9.86585e+00 9.89571e+00 9.92557e+00 9.95542e+00 9.98528e+00 1.00151e+01 1.00450e+01 1.00749e+01 1.01047e+01 1.01346e+01 1.01644e+01 1.01943e+01 1.02241e+01 1.02540e+01 1.02839e+01 1.03137e+01 1.03436e+01 1.03734e+01 1.04033e+01 1.04331e+01 1.04630e+01 1.04929e+01
9.00000e+00 9.03075e+00 9.06150e+00 9.09225e+00 9.12300e+00 9.15375e+00 9.18450e+00 9.21525e+00 9.24600e+00 9.27675e+00 9.30751e+00 9.33826e+00 9.36901e+00 9.39976e+00 9.43051e+00 9.46126e+00 9.49201e+00 9.52276e+00 9.55351e+00 9.58426e+00 9.61501e+00 9.64576e+00 9.67651e+00 9.70726e+00 9.73801e+00 9.76876e+00 9.79951e+00 9.83026e+00 9.86101e+00 9.89177e+00 9.92252e+00 9.95327e+00 9.98402e+00 1.00148e+01 1.00455e+01 1.00763e+01 1.01070e+01 1.01378e+01 1.01685e+01 1.01993e+01 1.02300e+01 1.02608e+01 1.02915e+01 1.03223e+01 1.03530e+01 1.03838e+01 1.04145e+01 1.04453e+01 1.04760e+01 1.05068e+01 1.05375e+01
9.00000e+00 9.03168e+00 9.06336e+00 9.09504e+00 9.12673e+00 9.15841e+00 9.19009e+00 9.22177e+00 9.25345e+00 9.28513e+00 9.31681e+00 9.34850e+00 9.38018e+00 9.41186e+00 9.44354e+00 9.47522e+00 9.50690e+00 9.53858e+00 9.57026e+00 9.60195e+00 9.63363e+00 9.66531e+00 9.69699e+00 9.72867e+00 9.76035e+00 9.79203e+00 9.82372e+00 9.85540e+00 9.88708e+00 9.91876e+00 9.95044e+00 9.98212e+00 1.00138e+01 1.00455e+01 1.00772e+01 1.01088e+01 1.01405e+01 1.01722e+01 1.02039e+01 1.02356e+01 1.02673e+01 1.02989e+01 1.03306e+01 1.03623e+01 1.03940e+01 1.04257e+01 1.04573e+01 1.04890e+01 1.05207e+01 1.05524e+01 1.05841e+01
9.00000e+00 9.03283e+00 9.06566e+00 9.09849e+00 9.13132e+00 9.16415e+00 9.19697e+00 9.22980e+00 9.26263e+00 9.29546e+00 9.32829e+00 9.36112e+00 9.39395e+00 9.42678e+00 9.45961e+00 9.49244e+00 9.52527e+00 9.55809e+00 9.59092e+00 9.62375e+00 9.65658e+00 9.68941e+00 9.72224e+00 9.75507e+00 9.78790e+00 9.82073e+00 9.85356e+00 9.88638e+00 9.91921e+00 9.95204e+00 9.98487e+00 1.00177e+01 1.00505e+01 1.00834e+01 1.01162e+01 1.01490e+01 1.01818e+01 1.02147e+01 1.02475e+01 1.02803e+01 1.03132e+01 1.03460e+01 1.03788e+01 1.04116e+01 1.04445e+01 1.04773e+01 1.05101e+01 1.05430e+01 1.05758e+01 1.06086e+01 1.06415e+01
9.00000e+00 9.03429e+00 9.06858e+00 9.10288e+00 9.13717e+00 9.17146e+00 9.20575e+00 9.24004e+00 9.27434e+00 9.30863e+00 9.34292e+00 9.37721e+00 9.41150e+00 9.44580e+00 9.48009e+00 9.51438e+00 9.54867e+00 9.58296e+00 9.61726e+00 9.65155e+00 9.68584e+00 9.72013e+00 9.75442e+00 9.78872e+00 9.82301e+00 9.85730e+00 9.89159e+00 9.92588e+00 9.96018e+00 9.99447e+00 1.00288e+01 1.00631e+01 1.00973e+01 1.01316e+01 1.01659e+01 1.02002e+01 1.02345e+01 1.02688e+01 1.03031e+01 1.03374e+01 1.03717e+01 1.04060e+01 1.04403e+01 1.04746e+01 1.05088e+01 1.05431e+01 1.05774e+01 1.06117e+01 1.06460e+01 1.06803e+01 1.07146e+01
9.00000e+00 9.03515e+00 9.07029e+00 9.10544e+00 9.14059e+00 9.17573e+00 9.21088e+00 9.24603e+00 9.28117e+00 9.31632e+00 9.35147e+00 9.38662e+00 9.42176e+00 9.45691e+00 9.49206e+00 9.52720e+00 9.56235e+00 9.59750e+00 9.63264e+00 9.66779e+00 9.70294e+00 9.73808e+00 9.77323e+00 9.80838e+00 9.84352e+00 9.87867e+00 9.91382e+00 9.94896e+00 9.98411e+00 1.00193e+01 1.00544e+01 1.00896e+01 1.01247e+01 1.01598e+01 1.01950e+01 1.02301e+01 1.02653e+01 1.03004e+01 1.03356e+01 1.03707e+01 1.04059e+01 1.04410e+01 1.04762e+01 1.05113e+01 1.05465e+01 1.05816e+01 1.06168e+01 1.06519e+01 1.06870e+01 1.07222e+01 1.07573e+01
9.00000e+00 9.03601e+00 9.07202e+00 9.10803e+00 9.14404e+00 9.18004e+00 9.21605e+00 9.25206e+00 9.28807e+00 9.32408e+00 9.36009e+00 9.39610e+00 9.43211e+00 9.46812e+00 9.50413e+00 9.54013e+00 9.57614e+00 9.61215e+00 9.64816e+00 9.68417e+00 9.72018e+00 9.75619e+00 9.79220e+00 9.82821e+00 9.86421e+00 9.90022e+00 9.93623e+00 9.97224e+00 1.00083e+01 1.00443e+01 1.00803e+01 1.01163e+01 1.01523e+01 1.01883e+01 1.02243e+01 1.02603e+01 1.02963e+01 1.03323e+01 1.03683e+01 1.04043e+01 1.04404e+01 1.04764e+01 1.05124e+01 1.05484e+01 1.05844e+01 1.06204e+01 1.06564e+01 1.06924e+01 1.07284e+01 1.07644e+01 1.08004e+01
9.00000e+00 9.03672e+00 9.07343e+00 9.11015e+00 9.14687e+00 9.18358e+00 9.22030e+00 9.25701e+00 9.29373e+00 9.33045e+00 9.36716e+00 9.40388e+00 9.44060e+00 9.47731e+00 9.51403e+00 9.55074e+00 9.58746e+00 9.62418e+00 9.66089e+00 9.69761e+00 9.73433e+00 9.77104e+00 9.80776e+00 9.84447e+00 9.88119e+00 9.91791e+00 9.95462e+00 9.99134e+00 1.00281e+01 1.00648e+01 1.01015e+01 1.01382e+01 1.01749e+01 1.02116e+01 1.02484e+01 1.02851e+01 1.03218e+01 1.03585e+01 1.03952e+01 1.04319e+01 1.04687e+01 1.05054e+01 1.05421e+01 1.05788e+01 1.06155e+01 1.06522e+01 1.06889e+01 1.07257e+01 1.07624e+01 1.07991e+01 1.08358e+01
9.00000e+00 9.03765e+00 9.07531e+00 9.11296e+00 9.15061e+00 9.18826e+00 9.22592e+00 9.26357e+00 9.30122e+00 9.33887e+00 9.37653e+00 9.41418e+00 9.45183e+00 9.48949e+00 9.52714e+00 9.56479e+00 9.60244e+00 9.64010e+00 9.67775e+00 9.71540e+00 9.75306e+00 9.79071e+00 9.82836e+00 9.86601e+00 9.90367e+00 9.94132e+00 9.97897e+00 1.00166e+01 1.00543e+01 1.00919e+01 1.01296e+01 1.01672e+01 1.02049e+01 1.02425e+01 1.02802e+01 1.03178e+01 1.03555e+01 1.03932e+01 1.04308e+01 1.04685e+01 1.05061e+01 1.05438e+01 1.05814e+01 1.06191e+01 1.06567e+01 1.06944e+01 1.07320e+01 1.07697e+01 1.08073e+01 1.08450e+01 1.08826e+01
9.00000e+00 9.03838e+00 9.07676e+00 9.11514e+00 9.15352e+00 9.19190e+00 9.23028e+00 9.26866e+00 9.30704e+00 9.34542e+00 9.38380e+00 9.42218e+00 9.46056e+00 9.49894e+00 9.53732e+00 9.57570e+00 9.61408e+00 9.65246e+00 9.69084e+00 9.72922e+00 9.76760e+00 9.80598e+00 9.84436e+00 9.88274e+00 9.92112e+00 9.95950e+00 9.99788e+00 1.00363e+01 1.00746e+01 1.01130e+01 1.01514e+01 1.01898e+01 1.02282e+01 1.02665e+01 1.03049e+01 1.03433e+01 1.03817e+01 1.04201e+01 1.04584e+01 1.04968e+01 1.05352e+01 1.05736e+01 1.06120e+01 1.06503e+01 1.06887e+01 1.07271e+01 1.07655e+01 1.08039e+01 1.08422e+01 1.08806e+01 1.09190e+01
9.00000e+00 9.03915e+00 9.07831e+00 9.11746e+00 9.15662e+00 9.19577e+00 9.23493e+00 9.27408e+00 9.31324e+00 9.35239e+00 9.39155e+00 9.43070e+00 9.46986e+00 9.50901e+00 9.54816e+00 9.58732e+00 9.62647e+00 9.66563e+00 9.70478e+00 9.74394e+00 9.78309e+00 9.82225e+00 9.86140e+00 9.90056e+00 9.93971e+00 9.97887e+00 1.00180e+01 1.00572e+01 1.00963e+01 1.01355e+01 1.01746e+01 1.02138e+01 1.02529e+01 1.02921e+01 1.03313e+01 1.03704e+01 1.04096e+01 1.04487e+01 1.04879e+01 1.05270e+01 1.05662e+01 1.06053e+01 1.06445e+01 1.06836e+01 1.07228e+01 1.07620e+01 1.08011e+01 1.08403e+01 1.08794e+01 1.09186e+01 1.09577e+01
9.00000e+00 9.04001e+00 9.08003e+00 9.12004e+00 9.16005e+00 9.20007e+00 9.24008e+00 9.28009e+00 9.32011e+00 9.36012e+00 9.40013e+00 9.44015e+00 9.48016e+00 9.52017e+00 9.56019e+00 9.60020e+00 9.64021e+00 9.68023e+00 9.72024e+00 9.76025e+00 9.80027e+00 9.84028e+00 9.88030e+00 9.92031e+00 9.96032e+00 1.00003e+01 1.00403e+01 1.00804e+01 1.01204e+01 1.01604e+01 1.02004e+01 1.02404e+01 1.02804e+01 1.03204e+01 1.03605e+01 1.04005e+01 1.04405e+01 1.04805e+01 1.05205e+01 1.05605e+01 1.06005e+01 1.06406e+01 1.06806e+01 1.07206e+01 1.07606e+01 1.08006e+01 1.08406e+01 1.08806e+01 1.09206e+01 1.09607e+01 1.10007e+01
9.00000e+00 9.04072e+00 9.08144e+00 9.12216e+00 9.16288e+00 9.20361e+00 9.24433e+00 9.28505e+00 9.32577e+00 9.36649e+00 9.40721e+00 9.44793e+00 9.48865e+00 9.52937e+00 9.57009e+00 9.61082e+00 9.65154e+00 9.69226e+00 9.73298e+00 9.77370e+00 9.81442e+00 9.85514e+00 9.89586e+00 9.93658e+00 9.97730e+00 1.00180e+01 1.00587e+01 1.00995e+01 1.01402e+01 1.01809e+01 1.02216e+01 1.02624e+01 1.03031e+01 1.03438e+01 1.03845e+01 1.04252e+01 1.04660e+01 1.05067e+01 1.05474e+01 1.05881e+01 1.06288e+01 1.06696e+01 1.07103e+01 1.07510e+01 1.07917e+01 1.08324e+01 1.08732e+01 1.09139e+01 1.09546e+01 1.09953e+01 1.10361e+01
9.00000e+00 9.04177e+00 9.08353e+00 9.12530e+00 9.16707e+00 9.20883e+00 9.25060e+00 9.29237e+00 9.33414e+00 9.37590e+00 9.41767e+00 9.45944e+00 9.50120e+00 9.54297e+00 9.58474e+00 9.62650e+00 9.66827e+00 9.71004e+00 9.75181e+00 9.79357e+00 9.83534e+00 9.87711e+00 9.91887e+00 9.96064e+00 1.00024e+01 1.00442e+01 1.00859e+01 1.01277e+01 1.01695e+01 1.02112e+01 1.02530e+01 1.02948e+01 1.03365e+01 1.03783e+01 1.04201e+01 1.04618e+01 1.05036e+01 1.05454e+01 1.05871e+01 1.06289e+01 1.06707e+01 1.07124e+01 1.07542e+01 1.07960e+01 1.08377e+01 1.08795e+01 1.09213e+01 1.09630e+01 1.10048e+01 1.10466e+01 1.10883e+01
9.00000e+00 9.04304e+00 9.08608e+00 9.12911e+00 9.17215e+00 9.21519e+00 9.25823e+00 9.30126e+00 9.34430e+00 9.38734e+00 9.43038e+00 9.47342e+00 9.51645e+00 9.55949e+00 9.60253e+00 9.64557e+00 9.68861e+00 9.73164e+00 9.77468e+00 9.81772e+00 9.86076e+00 9.90379e+00 9.94683e+00 9.98987e+00 1.00329e+01 1.00759e+01 1.01190e+01 1.01620e+01 1.02051e+01 1.02481e+01 1.02911e+01 1.03342e+01 1.03772e+01 1.04202e+01 1.04633e+01 1.05063e+01 1.05494e+01 1.05924e+01 1.06354e+01 1.06785e+01 1.07215e+01 1.07646e+01 1.08076e+01 1.08506e+01 1.08937e+01 1.09367e+01 1.09797e+01 1.10228e+01 1.10658e+01 1.11089e+01 1.11519e+01
9.00000e+00 9.04427e+00 9.08853e+00 9.13280e+00 9.17707e+00 9.22133e+00 9.26560e+00 9.30987e+00 9.35413e+00 9.39840e+00 9.44267e+00 9.48693e+00 9.53120e+00 9.57546e+00 9.61973e+00 9.66400e+00 9.70826e+00 9.75253e+00 9.79680e+00 9.84106e+00 9.88533e+00 9.92960e+00 9.97386e+00 1.00181e+01 1.00624e+01 1.01067e+01 1.01509e+01 1.01952e+01 1.02395e+01 1.02837e+01 1.03280e+01 1.03723e+01 1.04165e+01 1.04608e+01 1.05051e+01 1.05493e+01 1.05936e+01 1.06379e+01 1.06821e+01 1.07264e+01 1.07707e+01 1.08149e+01 1.08592e+01 1.09035e+01 1.09477e+01 1.09920e+01 1.10363e+01 1.10805e+01 1.11248e+01 1.11691e+01 1.12133e+01
9.00000e+00 9.04534e+00 9.09067e+00 9.13601e+00 9.18135e+00 9.22669e+00 9.27202e+00 9.31736e+00 9.36270e+00 9.40804e+00 9.45337e+00 9.49871e+00 9.54405e+00 9.58938e+00 9.63472e+00 9.68006e+00 9.72540e+00 9.77073e+00 9.81607e+00 9.86141e+00 9.90675e+00 9.95208e+00 9.99742e+00 1.00428e+01 1.00881e+01 1.01334e+01 1.01788e+01 1.02241e+01 1.02694e+01 1.03148e+01 1.03601e+01 1.04055e+01 1.04508e+01 1.04961e+01 1.05415e+01 1.05868e+01 1.06321e+01 1.06775e+01 1.07228e+01 1.07682e+01 1.08135e+01 1.08588e+01 1.09042e+01 1.09495e+01 1.09948e+01 1.10402e+01 1.10855e+01 1.11309e+01 1.11762e+01 1.12215e+01 1.12669e+01
9.00000e+00 9.04586e+00 9.09172e+00 9.13757e+00 9.18343e+00 9.22929e+00 9.27515e+00 9.32101e+00 9.36687e+00 9.41272e+00 9.45858e+00 9.50444e+00 9.55030e+00 9.59616e+00 9.64202e+00 9.68787e+00 9.73373e+00 9.77959e+00 9.82545e+00 9.87131e+00 9.91716e+00 9.96302e+00 1.00089e+01 1.00547e+01 1.01006e+01 1.01465e+01 1.01923e+01 1.02382e+01 1.02840e+01 1.03299e+01 1.03757e+01 1.04216e+01 1.04675e+01 1.05133e+01 1.05592e+01 1.06050e+01 1.06509e+01 1.06968e+01 1.07426e+01 1.07885e+01 1.08343e+01 1.08802e+01 1.09260e+01 1.09719e+01 1.10178e+01 1.10636e+01 1.11095e+01 1.11553e+01 1.12012e+01 1.12471e+01 1.12929e+01
9.00000e+00 9.04648e+00 9.09295e+00 9.13943e+00 9.18590e+00 9.23238e+00 9.27885e+00 9.32533e+00 9.37180e+00 9.41828e+00 9.46475e+00 9.51123e+00 9.55770e+00 9.60418e+00 9.65065e+00 9.69713e+00 9.74360e+00 9.79008e+00 9.83655e+00 9.88303e+00 9.92950e+00 9.97598e+00 1.00225e+01 1.00689e+01 1.01154e+01 1.01619e+01 1.02084e+01 1.02548e+01 1.03013e+01 1.03478e+01 1.03943e+01 1.04407e+01 1.04872e+01 1.05337e+01 1.05802e+01 1.06266e+01 1.06731e+01 1.07196e+01 1.07661e+01 1.08125e+01 1.08590e+01 1.09055e+01 1.09520e+01 1.09984e+01 1.10449e+01 1.10914e+01 1.11379e+01 1.11843e+01 1.12308e+01 1.12773e+01 1.13238e+01
9.00000e+00 9.04718e+00 9.09436e+00 9.14155e+00 9.18873e+00 9.23591e+00 9.28309e+00 9.33027e+00 9.37746e+00 9.42464e+00 9.47182e+00 9.51900e+00 9.56619e+00 9.61337e+00 9.66055e+00 9.70773e+00 9.75491e+00 9.80210e+00 9.84928e+00 9.89646e+00 9.94364e+00 9.99082e+00 1.00380e+01 1.00852e+01 1.01324e+01 1.01796e+01 1.02267e+01 1.02739e+01 1.03211e+01 1.03683e+01 1.04155e+01 1.04626e+01 1.05098e+01 1.05570e+01 1.06042e+01 1.06514e+01 1.06986e+01 1.07457e+01 1.07929e+01 1.08401e+01 1.08873e+01 1.09345e+01 1.09816e+01 1.10288e+01 1.10760e+01 1.11232e+01 1.11704e+01 1.12176e+01 1.12647e+01 1.13119e+01 1.13591e+01
9.00000e+00 9.04793e+00 9.09586e+00 9.14379e+00 9.19173e+00 9.23966e+00 9.28759e+00 9.33552e+00 9.38345e+00 9.43138e+00 9.47931e+00 9.52725e+00 9.57518e+00 9.62311e+00 9.67104e+00 9.71897e+00 9.76690e+00 9.81483e+00 9.86277e+00 9.91070e+00 9.95863e+00 1.00066e+01 1.00545e+01 1.01024e+01 1.01504e+01 1.01983e+01 1.02462e+01 1.02941e+01 1.03421e+01 1.03900e+01 1.04379e+01 1.04859e+01 1.05338e+01 1.05817e+01 1.06297e+01 1.06776e+01 1.07255e+01 1.07735e+01 1.08214e+01 1.08693e+01 1.09173e+01 1.09652e+01 1.10131e+01 1.10611e+01 1.11090e+01 1.11569e+01 1.12048e+01 1.12528e+01 1.13007e+01 1.13486e+01 1.13966e+01
9.00000e+00 9.04858e+00 9.09715e+00 9.14573e+00 9.19430e+00 9.24288e+00 9.29146e+00 9.34003e+00 9.38861e+00 9.43718e+00 9.48576e+00 9.53433e+00 9.58291e+00 9.63149e+00 9.68006e+00 9.72864e+00 9.77721e+00 9.82579e+00 9.87437e+00 9.92294e+00 9.97152e+00 1.00201e+01 1.00687e+01 1.01172e+01 1.01658e+01 1.02144e+01 1.02630e+01 1.03115e+01 1.03601e+01 1.04087e+01 1.04573e+01 1.05059e+01 1.05544e+01 1.06030e+01 1.06516e+01 1.07002e+01 1.07487e+01 1.07973e+01 1.08459e+01 1.08945e+01 1.09430e+01 1.09916e+01 1.10402e+01 1.10888e+01 1.11373e+01 1.11859e+01 1.12345e+01 1.12831e+01 1.13316e+01 1.13802e+01 1.14288e+01
9.00000e+00 9.04916e+00 9.09832e+00 9.14749e+00 9.19665e+00 9.24581e+00 9.29497e+00 9.34413e+00 9.39330e+00 9.44246e+00 9.49162e+00 9.54078e+00 9.58994e+00 9.63911e+00 9.68827e+00 9.73743e+00 9.78659e+00 9.83575e+00 9.88492e+00 9.93408e+00 9.98324e+00 1.00324e+01 1.00816e+01 1.01307e+01 1.01799e+01 1.02291e+01 1.02782e+01 1.03274e+01 1.03765e+01 1.04257e+01 1.04749e+01 1.05240e+01 1.05732e+01 1.06223e+01 1.06715e+01 1.07207e+01 1.07698e+01 1.08190e+01 1.08682e+01 1.09173e+01 1.09665e+01 1.10156e+01 1.10648e+01 1.11140e+01 1.11631e+01 1.12123e+01 1.12615e+01 1.13106e+01 1.13598e+01 1.14089e+01 1.14581e+01
9.00000e+00 9.04969e+00 9.09938e+00 9.14906e+00 9.19875e+00 9.24844e+00 9.29813e+00 9.34782e+00 9.39751e+00 9.44719e+00 9.49688e+00 9.54657e+00 9.59626e+00 9.64595e+00 9.69563e+00 9.74532e+00 9.79501e+00 9.84470e+00 9.89439e+00 9.94407e+00 9.99376e+00 1.00435e+01 1.00931e+01 1.01428e+01 1.01925e+01 1.02422e+01 1.02919e+01 1.03416e+01 1.03913e+01 1.04410e+01 1.04906e+01 1.05403e+01 1.05900e+01 1.06397e+01 1.06894e+01 1.07391e+01 1.07888e+01 1.08385e+01 1.08881e+01 1.09378e+01 1.09875e+01 1.10372e+01 1.10869e+01 1.11366e+01 1.11863e+01 1.12360e+01 1.12857e+01 1.13353e+01 1.13850e+01 1.14347e+01 1.14844e+01
9.00000e+00 9.05012e+00 9.10024e+00 9.15036e+00 9.20048e+00 9.25060e+00 9.30072e+00 9.35084e+00 9.40096e+00 9.45108e+00 9.50120e+00 9.55132e+00 9.60144e+00 9.65156e+00 9.70168e+00 9.75181e+00 9.80193e+00 9.85205e+00 9.90217e+00 9.95229e+00 1.00024e+01 1.00525e+01 1.01026e+01 1.01528e+01 1.02029e+01 1.02530e+01 1.03031e+01 1.03532e+01 1.04034e+01 1.04535e+01 1.05036e+01 1.05537e+01 1.06039e+01 1.06540e+01 1.07041e+01 1.07542e+01 1.08043e+01 1.08545e+01 1.09046e+01 1.09547e+01 1.10048e+01 1.10549e+01 1.11051e+01 1.11552e+01 1.12053e+01 1.12554e+01 1.13055e+01 1.13557e+01 1.14058e+01 1.14559e+01 1.15060e+01
9.00000e+00 9.05041e+00 9.10082e+00 9.15122e+00 9.20163e+00 9.25204e+00 9.30245e+00 9.35286e+00 9.40327e+00 9.45367e+00 9.50408e+00 9.55449e+00 9.60490e+00 9.65531e+00 9.70572e+00 9.75612e+00 9.80653e+00 9.85694e+00 9.90735e+00 9.95776e+00 1.00082e+01 1.00586e+01 1.01090e+01 1.01594e+01 1.02098e+01 1.02602e+01 1.03106e+01 1.03610e+01 1.04114e+01 1.04618e+01 1.05122e+01 1.05627e+01 1.06131e+01 1.06635e+01 1.07139e+01 1.07643e+01 1.08147e+01 1.08651e+01 1.09155e+01 1.09659e+01 1.10163e+01 1.10667e+01 1.11171e+01 1.11676e+01 1.12180e+01 1.12684e+01 1.13188e+01 1.13692e+01 1.14196e+01 1.14700e+01 1.15204e+01
9.00000e+00 9.05073e+00 9.10145e+00 9.15218e+00 9.20291e+00 9.25364e+00 9.30436e+00 9.35509e+00 9.40582e+00 9.45655e+00 9.50727e+00 9.55800e+00 9.60873e+00 9.65946e+00 9.71018e+00 9.76091e+00 9.81164e+00 9.86236e+00 9.91309e+00 9.96382e+00 1.00145e+01 1.00653e+01 1.01160e+01 1.01667e+01 1.02175e+01 1.02682e+01 1.03189e+01 1.03696e+01 1.04204e+01 1.04711e+01 1.05218e+01 1.05725e+01 1.06233e+01 1.06740e+01 1.07247e+01 1.07755e+01 1.08262e+01 1.08769e+01 1.09276e+01 1.09784e+01 1.10291e+01 1.10798e+01 1.11305e+01 1.11813e+01 1.12320e+01 1.12827e+01 1.13335e+01 1.13842e+01 1.14349e+01 1.14856e+01 1.15364e+01
9.00000e+00 9.05088e+00 9.10175e+00 9.15263e+00 9.20350e+00 9.25438e+00 9.30525e+00 9.35613e+00 9.40700e+00 9.45788e+00 9.50875e+00 9.55963e+00 9.61051e+00 9.66138e+00 9.71226e+00 9.76313e+00 9.81401e+00 9.86488e+00 9.91576e+00 9.96663e+00 1.00175e+01 1.00684e+01 1.01193e+01 1.01701e+01 1.02210e+01 1.02719e+01 1.03228e+01 1.03736e+01 1.04245e+01 1.04754e+01 1.05263e+01 1.05771e+01 1.06280e+01 1.06789e+01 1.07298e+01 1.07806e+01 1.08315e+01 1.08824e+01 1.09333e+01 1.09841e+01 1.10350e+01 1.10859e+01 1.11368e+01 1.11876e+01 1.12385e+01 1.12894e+01 1.13403e+01 1.13911e+01 1.14420e+01 1.14929e+01 1.15438e+01
9.00000e+00 9.05121e+00 9.10241e+00 9.15362e+00 9.20482e+00 9.25603e+00 9.30724e+00 9.35844e+00 9.40965e+00 9.46086e+00 9.51206e+00 9.56327e+00 9.61447e+00 9.66568e+00 9.71689e+00 9.76809e+00 9.81930e+00 9.87050e+00 9.92171e+00 9.97292e+00 1.00241e+01 1.00753e+01 1.01265e+01 1.01777e+01 1.02289e+01 1.02802e+01 1.03314e+01 1.03826e+01 1.04338e+01 1.04850e+01 1.05362e+01 1.05874e+01 1.06386e+01 1.06898e+01 1.07410e+01 1.07922e+01 1.08434e+01 1.08946e+01 1.09458e+01 1.09970e+01 1.10482e+01 1.10995e+01 1.11507e+01 1.12019e+01 1.12531e+01 1.13043e+01 1.13555e+01 1.14067e+01 1.14579e+01 1.15091e+01 1.15603e+01
9.00000e+00 9.05158e+00 9.10316e+00 9.15473e+00 9.20631e+00 9.25789e+00 9.30947e+00 9.36105e+00 9.41262e+00 9.46420e+00 9.51578e+00 9.56736e+00 9.61894e+00 9.67051e+00 9.72209e+00 9.77367e+00 9.82525e+00 9.87683e+00 9.92840e+00 9.97998e+00 1.00316e+01 1.00831e+01 1.01347e+01 1.01863e+01 1.02379e+01 1.02894e+01 1.03410e+01 1.03926e+01 1.04442e+01 1.04958e+01 1.05473e+01 1.05989e+01 1.06505e+01 1.07021e+01 1.07537e+01 1.08052e+01 1.08568e+01 1.09084e+01 1.09600e+01 1.10115e+01 1.10631e+01 1.11147e+01 1.11663e+01 1.12179e+01 1.12694e+01 1.13210e+01 1.13726e+01 1.14242e+01 1.14757e+01 1.15273e+01 1.15789e+01
9.00000e+00 9.05180e+00 9.10359e+00 9.15539e+00 9.20719e+00 9.25898e+00 9.31078e+00 9.36258e+00 9.41437e+00 9.46617e+00 9.51797e+00 9.56976e+00 9.62156e+00 9.67336e+00 9.72515e+00 9.77695e+00 9.82875e+00 9.88054e+00 9.93234e+00 9.98414e+00 1.00359e+01 1.00877e+01 1.01395e+01 1.01913e+01 1.02431e+01 1.02949e+01 1.03467e+01 1.03985e+01 1.04503e+01 1.05021e+01 1.05539e+01 1.06057e+01 1.06575e+01 1.07093e+01 1.07611e+01 1.08129e+01 1.08647e+01 1.09165e+01 1.09683e+01 1.10201e+01 1.10719e+01 1.11237e+01 1.11755e+01 1.12273e+01 1.12791e+01 1.13309e+01 1.13827e+01 1.14344e+01 1.14862e+01 1.15380e+01 1.15898e+01
9.00000e+00 9.05210e+00 9.10421e+00 9.15631e+00 9.20842e+00 9.26052e+00 9.31262e+00 9.36473e+00 9.41683e+00 9.46894e+00 9.52104e+00 9.57315e+00 9.62525e+00 9.67735e+00 9.72946e+00 9.78156e+00 9.83367e+00 9.88577e+00 9.93787e+00 9.98998e+00 1.00421e+01 1.00942e+01 1.01463e+01 1.01984e+01 1.02505e+01 1.03026e+01 1.03547e+01 1.04068e+01 1.04589e+01 1.05110e+01 1.05631e+01 1.06152e+01 1.06673e+01 1.07194e+01 1.07715e+01 1.08236e+01 1.08757e+01 1.09279e+01 1.09800e+01 1.10321e+01 1.10842e+01 1.11363e+01 1.11884e+01 1.12405e+01 1.12926e+01 1.13447e+01 1.13968e+01 1.14489e+01 1.15010e+01 1.15531e+01 1.16052e+01
9.00000e+00 9.05228e+00 9.10456e+00 9.15683e+00 9.20911e+00 9.26139e+00 9.31367e+00 9.36595e+00 9.41822e+00 9.47050e+00 9.52278e+00 9.57506e+00 9.62734e+00 9.67961e+00 9.73189e+00 9.78417e+00 9.83645e+00 9.88873e+00 9.94101e+00 9.99328e+00 1.00456e+01 1.00978e+01 1.01501e+01 1.02024e+01 1.02547e+01 1.03070e+01 1.03592e+01 1.04115e+01 1.04638e+01 1.05161e+01 1.05683e+01 1.06206e+01 1.06729e+01 1.07252e+01 1.07775e+01 1.08297e+01 1.08820e+01 1.09343e+01 1.09866e+01 1.10388e+01 1.10911e+01 1.11434e+01 1.11957e+01 1.12480e+01 1.13002e+01 1.13525e+01 1.14048e+01 1.14571e+01 1.15093e+01 1.15616e+01 1.16139e+01
9.00000e+00 9.05252e+00 9.10503e+00 9.15755e+00 9.21007e+00 9.26259e+00 9.31510e+00 9.36762e+00 9.42014e+00 9.47266e+00 9.52517e+00 9.57769e+00 9.63021e+00 9.68273e+00 9.73524e+00 9.78776e+00 9.84028e+00 9.89279e+00 9.94531e+00 9.99783e+00 1.00503e+01 1.01029e+01 1.01554e+01 1.02079e+01 1.02604e+01 1.03129e+01 1.03655e+01 1.04180e+01 1.04705e+01 1.05230e+01 1.05755e+01 1.06280e+01 1.06806e+01 1.07331e+01 1.07856e+01 1.08381e+01 1.08906e+01 1.09431e+01 1.09957e+01 1.10482e+01 1.11007e+01 1.11532e+01 1.12057e+01 1.12582e+01 1.13108e+01 1.13633e+01 1.14158e+01 1.14683e+01 1.15208e+01 1.15734e+01 1.16259e+01
9.00000e+00 9.05271e+00 9.10542e+00 9.15813e+00 9.21084e+00 9.26355e+00 9.31626e+00 9.36897e+00 9.42168e+00 9.47439e+00 9.52710e+00 9.57980e+00 9.63251e+00 9.68522e+00 9.73793e+00 9.79064e+00 9.84335e+00 9.89606e+00 9.94877e+00 1.00015e+01 1.00542e+01 1.01069e+01 1.01596e+01 1.02123e+01 1.02650e+01 1.03177e+01 1.03704e+01 1.04232e+01 1.04759e+01 1.05286e+01 1.05813e+01 1.06340e+01 1.06867e+01 1.07394e+01 1.07921e+01 1.08448e+01 1.08975e+01 1.09503e+01 1.10030e+01 1.10557e+01 1.11084e+01 1.11611e+01 1.12138e+01 1.12665e+01 1.13192e+01 1.13719e+01 1.14246e+01 1.14773e+01 1.15301e+01 1.15828e+01 1.16355e+01
9.00000e+00 9.05305e+00 9.10611e+00 9.15916e+00 9.21221e+00 9.26526e+00 9.31832e+00 9.37137e+00 9.42442e+00 9.47747e+00 9.53053e+00 9.58358e+00 9.63663e+00 9.68969e+00 9.74274e+00 9.79579e+00 9.84884e+00 9.90190e+00 9.95495e+00 1.00080e+01 1.00611e+01 1.01141e+01 1.01672e+01 1.02202e+01 1.02733e+01 1.03263e+01 1.03794e+01 1.04324e+01 1.04855e+01 1.05385e+01 1.05916e+01 1.06446e+01 1.06977e+01 1.07507e+01 1.08038e+01 1.08568e+01 1.09099e+01 1.09630e+01 1.10160e+01 1.10691e+01 1.11221e+01 1.11752e+01 1.12282e+01 1.12813e+01 1.13343e+01 1.13874e+01 1.14404e+01 1.14935e+01 1.15465e+01 1.15996e+01 1.16526e+01
9.00000e+00 9.05325e+00 9.10650e+00 9.15975e+00 9.21300e+00 9.26625e+00 9.31950e+00 9.37275e+00 9.42600e+00 9.47925e+00 9.53250e+00 9.58575e+00 9.63900e+00 9.69225e+00 9.74550e+00 9.79875e+00 9.85200e+00 9.90525e+00 9.95850e+00 1.00118e+01 1.00650e+01 1.01183e+01 1.01715e+01 1.02248e+01 1.02780e+01 1.03313e+01 1.03845e+01 1.04378e+01 1.04910e+01 1.05443e+01 1.05975e+01 1.06508e+01 1.07040e+01 1.07573e+01 1.08105e+01 1.08638e+01 1.09170e+01 1.09703e+01 1.10235e+01 1.10768e+01 1.11300e+01 1.11833e+01 1.12365e+01 1.12898e+01 1.13430e+01 1.13963e+01 1.14495e+01 1.15028e+01 1.15560e+01 1.16093e+01 1.16625e+01
9.00000e+00 9.05351e+00 9.10703e+00 9.16054e+00 9.21406e+00 9.26757e+00 9.32109e+00 9.37460e+00 9.42812e+00 9.48163e+00 9.53515e+00 9.58866e+00 9.64217e+00 9.69569e+00 9.74920e+00 9.80272e+00 9.85623e+00 9.90975e+00 9.96326e+00 1.00168e+01 1.00703e+01 1.01238e+01 1.01773e+01 1.02308e+01 1.02843e+01 1.03379e+01 1.03914e+01 1.04449e+01 1.04984e+01 1.05519e+01 1.06054e+01 1.06590e+01 1.07125e+01 1.07660e+01 1.08195e+01 1.08730e+01 1.09265e+01 1.09800e+01 1.10336e+01 1.10871e+01 1.11406e+01 1.11941e+01 1.12476e+01 1.13011e+01 1.13546e+01 1.14082e+01 1.14617e+01 1.15152e+01 1.15687e+01 1.16222e+01 1.16757e+01
9.00000e+00 9.05384e+00 9.10768e+00 9.16151e+00 9.21535e+00 9.26919e+00 9.32303e+00 9.37687e+00 9.43071e+00 9.48454e+00 9.53838e+00 9.59222e+00 9.64606e+00 9.69990e+00 9.75373e+00 9.80757e+00 9.86141e+00 9.91525e+00 9.96909e+00 1.00229e+01 1.00768e+01 1.01306e+01 1.01844e+01 1.02383e+01 1.02921e+01 1.03460e+01 1.03998e+01 1.04536e+01 1.05075e+01 1.05613e+01 1.06151e+01 1.06690e+01 1.07228e+01 1.07767e+01 1.08305e+01 1.08843e+01 1.09382e+01 1.09920e+01 1.10459e+01 1.10997e+01 1.11535e+01 1.12074e+01 1.12612e+01 1.13150e+01 1.13689e+01 1.14227e+01 1.14766e+01 1.15304e+01 1.15842e+01 1.16381e+01 1.16919e+01
9.00000e+00 9.05402e+00 9.10805e+00 9.16207e+00 9.21609e+00 9.27011e+00 9.32414e+00 9.37816e+00 9.43218e+00 9.48620e+00 9.54023e+00 9.59425e+00 9.64827e+00 9.70230e+00 9.75632e+00 9.81034e+00 9.86436e+00 9.91839e+00 9.97241e+00 1.00264e+01 1.00805e+01 1.01345e+01 1.01885e+01 1.02425e+01 1.02965e+01 1.03506e+01 1.04046e+01 1.04586e+01 1.05126e+01 1.05667e+01 1.06207e+01 1.06747e+01 1.07287e+01 1.07828e+01 1.08368e+01 1.08908e+01 1.09448e+01 1.09988e+01 1.10529e+01 1.11069e+01 1.11609e+01 1.12149e+01 1.12690e+01 1.13230e+01 1.13770e+01 1.14310e+01 1.14850e+01 1.15391e+01 1.15931e+01 1.16471e+01 1.17011e+01
9.00000e+00 9.05426e+00 9.10852e+00 9.16277e+00 9.21703e+00 9.27129e+00 9.32555e+00 9.37981e+00 9.43406e+00 9.48832e+00 9.54258e+00 9.59684e+00 9.65110e+00 9.70535e+00 9.75961e+00 9.81387e+00 9.86813e+00 9.92238e+00 9.97664e+00 1.00309e+01 1.00852e+01 1.01394e+01 1.01937e+01 1.02479e+01 1.03022e+01 1.03564e+01 1.04107e+01 1.04650e+01 1.05192e+01 1.05735e+01 1.06277e+01 1.06820e+01 1.07363e+01 1.07905e+01 1.08448e+01 1.08990e+01 1.09533e+01 1.10075e+01 1.10618e+01 1.11161e+01 1.11703e+01 1.12246e+01 1.12788e+01 1.13331e+01 1.13873e+01 1.14416e+01 1.14959e+01 1.15501e+01 1.16044e+01 1.16586e+01 1.17129e+01
9.00000e+00 9.05455e+00 9.10911e+00 9.16366e+00 9.21821e+00 9.27277e+00 9.32732e+00 9.38187e+00 9.43642e+00 9.49098e+00 9.54553e+00 9.60008e+00 9.65464e+00 9.70919e+00 9.76374e+00 9.81830e+00 9.87285e+00 9.92740e+00 9.98195e+00 1.00365e+01 1.00911e+01 1.01456e+01 1.02002e+01 1.02547e+01 1.03093e+01 1.03638e+01 1.04184e+01 1.04729e+01 1.05275e+01 1.05820e+01 1.06366e+01 1.06911e+01 1.07457e+01 1.08003e+01 1.08548e+01 1.09094e+01 1.09639e+01 1.10185e+01 1.10730e+01 1.11276e+01 1.11821e+01 1.12367e+01 1.12912e+01 1.13458e+01 1.14003e+01 1.14549e+01 1.15094e+01 1.15640e+01 1.16185e+01 1.16731e+01 1.17277e+01
9.00000e+00 9.05482e+00 9.10964e+00 9.16447e+00 9.21929e+00 9.27411e+00 9.32893e+00 9.38375e+00 9.43858e+00 9.49340e+00 9.54822e+00 9.60304e+00 9.65786e+00 9.71269e+00 9.76751e+00 9.82233e+00 9.87715e+00 9.93197e+00 9.98680e+00 1.00416e+01 1.00964e+01 1.01513e+01 1.02061e+01 1.02609e+01 1.03157e+01 1.03706e+01 1.04254e+01 1.04802e+01 1.05350e+01 1.05898e+01 1.06447e+01 1.06995e+01 1.07543e+01 1.08091e+01 1.08639e+01 1.09188e+01 1.09736e+01 1.10284e+01 1.10832e+01 1.11381e+01 1.11929e+01 1.12477e+01 1.13025e+01 1.13573e+01 1.14122e+01 1.14670e+01 1.15218e+01 1.15766e+01 1.16315e+01 1.16863e+01 1.17411e+01
9.00000e+00 9.05531e+00 9.11062e+00 9.16594e+00 9.22125e+00 9.27656e+00 9.33187e+00 9.38718e+00 9.44249e+00 9.49781e+00 9.55312e+00 9.60843e+00 9.66374e+00 9.71905e+00 9.77436e+00 9.82968e+00 9.88499e+00 9.94030e+00 9.99561e+00 1.00509e+01 1.01062e+01 1.01615e+01 1.02169e+01 1.02722e+01 1.03275e+01 1.03828e+01 1.04381e+01 1.04934e+01 1.05487e+01 1.06040e+01 1.06594e+01 1.07147e+01 1.07700e+01 1.08253e+01 1.08806e+01 1.09359e+01 1.09912e+01 1.10465e+01 1.11018e+01 1.11572e+01 1.12125e+01 1.12678e+01 1.13231e+01 1.13784e+01 1.14337e+01 1.14890e+01 1.15443e+01 1.15997e+01 1.16550e+01 1.17103e+01 1.17656e+01
9.00000e+00 9.05561e+00 9.11122e+00 9.16683e+00 9.22244e+00 9.27805e+00 9.33366e+00 9.38927e+00 9.44488e+00 9.50049e+00 9.55610e+00 9.61171e+00 9.66732e+00 9.72294e+00 9.77855e+00 9.83416e+00 9.88977e+00 9.94538e+00 1.00010e+01 1.00566e+01 1.01122e+01 1.01678e+01 1.02234e+01 1.02790e+01 1.03346e+01 1.03903e+01 1.04459e+01 1.05015e+01 1.05571e+01 1.06127e+01 1.06683e+01 1.07239e+01 1.07795e+01 1.08351e+01 1.08908e+01 1.09464e+01 1.10020e+01 1.10576e+01 1.11132e+01 1.11688e+01 1.12244e+01 1.12800e+01 1.13356e+01 1.13912e+01 1.14469e+01 1.15025e+01 1.15581e+01 1.16137e+01 1.16693e+01 1.17249e+01 1.17805e+01
9.00000e+00 9.05618e+00 9.11236e+00 9.16855e+00 9.22473e+00 9.28091e+00 9.33709e+00 9.39327e+00 9.44945e+00 9.50564e+00 9.56182e+00 9.61800e+00 9.67418e+00 9.73036e+00 9.78655e+00 9.84273e+00 9.89891e+00 9.95509e+00 1.00113e+01 1.00675e+01 1.01236e+01 1.01798e+01 1.02360e+01 1.02922e+01 1.03484e+01 1.04045e+01 1.04607e+01 1.05169e+01 1.05731e+01 1.06293e+01 1.06855e+01 1.07416e+01 1.07978e+01 1.08540e+01 1.09102e+01 1.09664e+01 1.10225e+01 1.10787e+01 1.11349e+01 1.11911e+01 1.12473e+01 1.13035e+01 1.13596e+01 1.14158e+01 1.14720e+01 1.15282e+01 1.15844e+01 1.16405e+01 1.16967e+01 1.17529e+01 1.18091e+01
9.00000e+00 9.05679e+00 9.11357e+00 9.17036e+00 9.22714e+00 9.28393e+00 9.34072e+00 9.39750e+00 9.45429e+00 9.51107e+00 9.56786e+00 9.62465e+00 9.68143e+00 9.73822e+00 9.79500e+00 9.85179e+00 9.90858e+00 9.96536e+00 1.00221e+01 1.00789e+01 1.01357e+01 1.01925e+01 1.02493e+01 1.03061e+01 1.03629e+01 1.04197e+01 1.04764e+01 1.05332e+01 1.05900e+01 1.06468e+01 1.07036e+01 1.07604e+01 1.08172e+01 1.08739e+01 1.09307e+01 1.09875e+01 1.10443e+01 1.11011e+01 1.11579e+01 1.12147e+01 1.12714e+01 1.13282e+01 1.13850e+01 1.14418e+01 1.14986e+01 1.15554e+01 1.16122e+01 1.16689e+01 1.17257e+01 1.17825e+01 1.18393e+01
9.00000e+00 9.05721e+00 9.11443e+00 9.17164e+00 9.22885e+00 9.28607e+00 9.34328e+00 9.40049e+00 9.45771e+00 9.51492e+00 9.57214e+00 9.62935e+00 9.68656e+00 9.74378e+00 9.80099e+00 9.85820e+00 9.91542e+00 9.97263e+00 1.00298e+01 1.00871e+01 1.01443e+01 1.02015e+01 1.02587e+01 1.03159e+01 1.03731e+01 1.04303e+01 1.04876e+01 1.05448e+01 1.06020e+01 1.06592e+01 1.07164e+01 1.07736e+01 1.08308e+01 1.08880e+01 1.09453e+01 1.10025e+01 1.10597e+01 1.11169e+01 1.11741e+01 1.12313e+01 1.12885e+01 1.13458e+01 1.14030e+01 1.14602e+01 1.15174e+01 1.15746e+01 1.16318e+01 1.16890e+01 1.17463e+01 1.18035e+01 1.18607e+01
9.00000e+00 9.05769e+00 9.11538e+00 9.17308e+00 9.23077e+00 9.28846e+00 9.34615e+00 9.40384e+00 9.46154e+00 9.51923e+00 9.57692e+00 9.63461e+00 9.69231e+00 9.75000e+00 9.80769e+00 9.86538e+00 9.92307e+00 9.98077e+00 1.00385e+01 1.00961e+01 1.01538e+01 1.02115e+01 1.02692e+01 1.03269e+01 1.03846e+01 1.04423e+01 1.05000e+01 1.05577e+01 1.06154e+01 1.06731e+01 1.07308e+01 1.07885e+01 1.08461e+01 1.09038e+01 1.09615e+01 1.10192e+01 1.10769e+01 1.11346e+01 1.11923e+01 1.12500e+01 1.13077e+01 1.13654e+01 1.14231e+01 1.14808e+01 1.15385e+01 1.15961e+01 1.16538e+01 1.17115e+01 1.17692e+01 1.18269e+01 1.18846e+01
9.00000e+00 9.05795e+00 9.11591e+00 9.17386e+00 9.23181e+00 9.28977e+00 9.34772e+00 9.40567e+00 9.46363e+00 9.52158e+00 9.57953e+00 9.63749e+00 9.69544e+00 9.75340e+00 9.81135e+00 9.86930e+00 9.92726e+00 9.98521e+00 1.00432e+01 1.01011e+01 1.01591e+01 1.02170e+01 1.02750e+01 1.03329e+01 1.03909e+01 1.04488e+01 1.05068e+01 1.05647e+01 1.06227e+01 1.06807e+01 1.07386e+01 1.07966e+01 1.08545e+01 1.09125e+01 1.09704e+01 1.10284e+01 1.10863e+01 1.11443e+01 1.12022e+01 1.12602e+01 1.13181e+01 1.13761e+01 1.14340e+01 1.14920e+01 1.15500e+01 1.16079e+01 1.16659e+01 1.17238e+01 1.17818e+01 1.18397e+01 1.18977e+01
9.00000e+00 9.05822e+00 9.11644e+00 9.17467e+00 9.23289e+00 9.29111e+00 9.34933e+00 9.40755e+00 9.46577e+00 9.52400e+00 9.58222e+00 9.64044e+00 9.69866e+00 9.75688e+00 9.81510e+00 9.87333e+00 9.93155e+00 9.98977e+00 1.00480e+01 1.01062e+01 1.01644e+01 1.02227e+01 1.02809e+01 1.03391e+01 1.03973e+01 1.04555e+01 1.05138e+01 1.05720e+01 1.06302e+01 1.06884e+01 1.07467e+01 1.08049e+01 1.08631e+01 1.09213e+01 1.09795e+01 1.10378e+01 1.10960e+01 1.11542e+01 1.12124e+01 1.12706e+01 1.13289e+01 1.13871e+01 1.14453e+01 1.15035e+01 1.15618e+01 1.16200e+01 1.16782e+01 1.17364e+01 1.17946e+01 1.18529e+01 1.19111e+01
9.00000e+00 9.05847e+00 9.11695e+00 9.17542e+00 9.23389e+00 9.29237e+00 9.35084e+00 9.40932e+00 9.46779e+00 9.52626e+00 9.58474e+00 9.64321e+00 9.70168e+00 9.76016e+00 9.81863e+00 9.87710e+00 9.93558e+00 9.99405e+00 1.00525e+01 1.01110e+01 1.01695e+01 1.02279e+01 1.02864e+01 1.03449e+01 1.04034e+01 1.04618e+01 1.05203e+01 1.05788e+01 1.06373e+01 1.06957e+01 1.07542e+01 1.08127e+01 1.08712e+01 1.09296e+01 1.09881e+01 1.10466e+01 1.11050e+01 1.11635e+01 1.12220e+01 1.12805e+01 1.13389e+01 1.13974e+01 1.14559e+01 1.15144e+01 1.15728e+01 1.16313e+01 1.16898e+01 1.17483e+01 1.18067e+01 1.18652e+01 1.19237e+01
9.00000e+00 9.05873e+00 9.11745e+00 9.17618e+00 9.23490e+00 9.29363e+00 9.35235e+00 9.41108e+00 9.46981e+00 9.52853e+00 9.58726e+00 9.64598e+00 9.70471e+00 9.76343e+00 9.82216e+00 9.88089e+00 9.93961e+00 9.99834e+00 1.00571e+01 1.01158e+01 1.01745e+01 1.02332e+01 1.02920e+01 1.03507e+01 1.04094e+01 1.04681e+01 1.05269e+01 1.05856e+01 1.06443e+01 1.07030e+01 1.07618e+01 1.08205e+01 1.08792e+01 1.09379e+01 1.09967e+01 1.10554e+01 1.11141e+01 1.11729e+01 1.12316e+01 1.12903e+01 1.13490e+01 1.14078e+01 1.14665e+01 1.15252e+01 1.15839e+01 1.16427e+01 1.17014e+01 1.17601e+01 1.18188e+01 1.18776e+01 1.19363e+01
9.00000e+00 9.05886e+00 9.11772e+00 9.17658e+00 9.23544e+00 9.29430e+00 9.35316e+00 9.41202e+00 9.47088e+00 9.52973e+00 9.58859e+00 9.64745e+00 9.70631e+00 9.76517e+00 9.82403e+00 9.88289e+00 9.94175e+00 1.00006e+01 1.00595e+01 1.01183e+01 1.01772e+01 1.02360e+01 1.02949e+01 1.03538e+01 1.04126e+01 1.04715e+01 1.05303e+01 1.05892e+01 1.06481e+01 1.07069e+01 1.07658e+01 1.08246e+01 1.08835e+01 1.09424e+01 1.10012e+01 1.10601e+01 1.11189e+01 1.11778e+01 1.12367e+01 1.12955e+01 1.13544e+01 1.14132e+01 1.14721e+01 1.15310e+01 1.15898e+01 1.16487e+01 1.17075e+01 1.17664e+01 1.18253e+01 1.18841e+01 1.19430e+01
9.00000e+00 9.05894e+00 9.11787e+00 9.17681e+00 9.23574e+00 9.29468e+00 9.35361e+00 9.41255e+00 9.47148e+00 9.53042e+00 9.58936e+00 9.64829e+00 9.70723e+00 9.76616e+00 9.82510e+00 9.88403e+00 9.94297e+00 1.00019e+01 1.00608e+01 1.01198e+01 1.01787e+01 1.02376e+01 1.02966e+01 1.03555e+01 1.04145e+01 1.04734e+01 1.05323e+01 1.05913e+01 1.06502e+01 1.07091e+01 1.07681e+01 1.08270e+01 1.08859e+01 1.09449e+01 1.10038e+01 1.10627e+01 1.11217e+01 1.11806e+01 1.12396e+01 1.12985e+01 1.13574e+01 1.14164e+01 1.14753e+01 1.15342e+01 1.15932e+01 1.16521e+01 1.17110e+01 1.17700e+01 1.18289e+01 1.18878e+01 1.19468e+01
9.00000e+00 9.05910e+00 9.11821e+00 9.17731e+00 9.23642e+00 9.29552e+00 9.35462e+00 9.41373e+00 9.47283e+00 9.53194e+00 9.59104e+00 9.65014e+00 9.70925e+00 9.76835e+00 9.82746e+00 9.88656e+00 9.94566e+00 1.00048e+01 1.00639e+01 1.01230e+01 1.01821e+01 1.02412e+01 1.03003e+01 1.03594e+01 1.04185e+01 1.04776e+01 1.05367e+01 1.05958e+01 1.06549e+01 1.07140e+01 1.07731e+01 1.08322e+01 1.08913e+01 1.09504e+01 1.10095e+01 1.10686e+01 1.11277e+01 1.11868e+01 1.12460e+01 1.13051e+01 1.13642e+01 1.14233e+01 1.14824e+01 1.15415e+01 1.16006e+01 1.16597e+01 1.17188e+01 1.17779e+01 1.18370e+01 1.18961e+01 1.19552e+01
9.00000e+00 9.05930e+00 9.11860e+00 9.17790e+00 9.23720e+00 9.29650e+00 9.35580e+00 9.41510e+00 9.47440e+00 9.53370e+00 9.59300e+00 9.65230e+00 9.71160e+00 9.77091e+00 9.83021e+00 9.88951e+00 9.94881e+00 1.00081e+01 1.00674e+01 1.01267e+01 1.01860e+01 1.02453e+01 1.03046e+01 1.03639e+01 1.04232e+01 1.04825e+01 1.05418e+01 1.06011e+01 1.06604e+01 1.07197e+01 1.07790e+01 1.08383e+01 1.08976e+01 1.09569e+01 1.10162e+01 1.10755e+01 1.11348e+01 1.11941e+01 1.12534e+01 1.13127e+01 1.13720e+01 1.14313e+01 1.14906e+01 1.15499e+01 1.16092e+01 1.16685e+01 1.17278e+01 1.17871e+01 1.18464e+01 1.19057e+01 1.19650e+01
9.00000e+00 9.05950e+00 9.11900e+00 9.17850e+00 9.23801e+00 9.29751e+00 9.35701e+00 9.41651e+00 9.47601e+00 9.53551e+00 9.59502e+00 9.65452e+00 9.71402e+00 9.77352e+00 9.83302e+00 9.89252e+00 9.95203e+00 1.00115e+01 1.00710e+01 1.01305e+01 1.01900e+01 1.02495e+01 1.03090e+01 1.03685e+01 1.04280e+01 1.04875e+01 1.05470e+01 1.06065e+01 1.06660e+01 1.07255e+01 1.07850e+01 1.08445e+01 1.09041e+01 1.09636e+01 1.10231e+01 1.10826e+01 1.11421e+01 1.12016e+01 1.12611e+01 1.13206e+01 1.13801e+01 1.14396e+01 1.14991e+01 1.15586e+01 1.16181e+01 1.16776e+01 1.17371e+01 1.17966e+01 1.18561e+01 1.19156e+01 1.19751e+01
9.00000e+00 9.05969e+00 9.11939e+00 9.17908e+00 9.23877e+00 9.29846e+00 9.35816e+00 9.41785e+00 9.47754e+00 9.53723e+00 9.59693e+00 9.65662e+00 9.71631e+00 9.77600e+00 9.83570e+00 9.89539e+00 9.95508e+00 1.00148e+01 1.00745e+01 1.01342e+01 1.01939e+01 1.02535e+01 1.03132e+01 1.03729e+01 1.04326e+01 1.04923e+01 1.05520e+01 1.06117e+01 1.06714e+01 1.07311e+01 1.07908e+01 1.08505e+01 1.09102e+01 1.09699e+01 1.10295e+01 1.10892e+01 1.11489e+01 1.12086e+01 1.12683e+01 1.13280e+01 1.13877e+01 1.14474e+01 1.15071e+01 1.15668e+01 1.16265e+01 1.16862e+01 1.17459e+01 1.18056e+01 1.18652e+01 1.19249e+01 1.19846e+01
9.00000e+00 9.05996e+00 9.11991e+00 9.17987e+00 9.23982e+00 9.29978e+00 9.35973e+00 9.41969e+00 9.47964e+00 9.53960e+00 9.59955e+00 9.65951e+00 9.71946e+00 9.77942e+00 9.83937e+00 9.89933e+00 9.95928e+00 1.00192e+01 1.00792e+01 1.01391e+01 1.01991e+01 1.02591e+01 1.03190e+01 1.03790e+01 1.04389e+01 1.04989e+01 1.05588e+01 1.06188e+01 1.06787e+01 1.07387e+01 1.07987e+01 1.08586e+01 1.09186e+01 1.09785e+01 1.10385e+01 1.10984e+01 1.11584e+01 1.12183e+01 1.12783e+01 1.13382e+01 1.13982e+01 1.14582e+01 1.15181e+01 1.15781e+01 1.16380e+01 1.16980e+01 1.17579e+01 1.18179e+01 1.18778e+01 1.19378e+01 1.19978e+01
9.00000e+00 9.06010e+00 9.12020e+00 9.18031e+00 9.24041e+00 9.30051e+00 9.36061e+00 9.42071e+00 9.48081e+00 9.54092e+00 9.60102e+00 9.66112e+00 9.72122e+00 9.78132e+00 9.84143e+00 9.90153e+00 9.96163e+00 1.00217e+01 1.00818e+01 1.01419e+01 1.02020e+01 1.02621e+01 1.03222e+01 1.03823e+01 1.04424e+01 1.05025e+01 1.05626e+01 1.06227e+01 1.06829e+01 1.07430e+01 1.08031e+01 1.08632e+01 1.09233e+01 1.09834e+01 1.10435e+01 1.11036e+01 1.11637e+01 1.12238e+01 1.12839e+01 1.13440e+01 1.14041e+01 1.14642e+01 1.15243e+01 1.15844e+01 1.16445e+01 1.17046e+01 1.17647e+01 1.18248e+01 1.18849e+01 1.19450e+01 1.20051e+01
9.00000e+00 9.06026e+00 9.12052e+00 9.18078e+00 9.24104e+00 9.30130e+00 9.36156e+00 9.42182e+00 9.48208e+00 9.54234e+00 9.60260e+00 9.66286e+00 9.72312e+00 9.78338e+00 9.84364e+00 9.90391e+00 9.96417e+00 1.00244e+01 1.00847e+01 1.01449e+01 1.02052e+01 1.02655e+01 1.03257e+01 1.03860e+01 1.04462e+01 1.05065e+01 1.05668e+01 1.06270e+01 1.06873e+01 1.07476e+01 1.08078e+01 1.08681e+01 1.09283e+01 1.09886e+01 1.10489e+01 1.11091e+01 1.11694e+01 1.12296e+01 1.12899e+01 1.13502e+01 1.14104e+01 1.14707e+01 1.15309e+01 1.15912e+01 1.16515e+01 1.17117e+01 1.17720e+01 1.18322e+01 1.18925e+01 1.19528e+01 1.20130e+01
9.00000e+00 9.06043e+00 9.12085e+00 9.18128e+00 9.24171e+00 9.30213e+00 9.36256e+00 9.42299e+00 9.48341e+00 9.54384e+00 9.60427e+00 9.66469e+00 9.72512e+00 9.78555e+00 9.84597e+00 9.90640e+00 9.96683e+00 1.00273e+01 1.00877e+01 1.01481e+01 1.02085e+01 1.02690e+01 1.03294e+01 1.03898e+01 1.04502e+01 1.05107e+01 1.05711e+01 1.06315e+01 1.06919e+01 1.07524e+01 1.08128e+01 1.08732e+01 1.09337e+01 1.09941e+01 1.10545e+01 1.11149e+01 1.11754e+01 1.12358e+01 1.12962e+01 1.13566e+01 1.14171e+01 1.14775e+01 1.15379e+01 1.15983e+01 1.16588e+01 1.17192e+01 1.17796e+01 1.18401e+01 1.19005e+01 1.19609e+01 1.20213e+01
9.00000e+00 9.06051e+00 9.12103e+00 9.18154e+00 9.24206e+00 9.30257e+00 9.36308e+00 9.42360e+00 9.48411e+00 9.54462e+00 9.60514e+00 9.66565e+00 9.72617e+00 9.78668e+00 9.84719e+00 9.90771e+00 9.96822e+00 1.00287e+01 1.00892e+01 1.01498e+01 1.02103e+01 1.02708e+01 1.03313e+01 1.03918e+01 1.04523e+01 1.05128e+01 1.05734e+01 1.06339e+01 1.06944e+01 1.07549e+01 1.08154e+01 1.08759e+01 1.09364e+01 1.09970e+01 1.10575e+01 1.11180e+01 1.11785e+01 1.12390e+01 1.12995e+01 1.13600e+01 1.14206e+01 1.14811e+01 1.15416e+01 1.16021e+01 1.16626e+01 1.17231e+01 1.17836e+01 1.18442e+01 1.19047e+01 1.19652e+01 1.20257e+01
