# tables[i_z][i_mass] of the mean escaping fraction
0.31237 0.24398 0.32119 0.24030 0.18329 0.19364 0.17598 0.15993 0.14534 0.13209 0.12004 0.10909 0.09914 0.09010 0.08188 0.07442 0.06763 0.06146 0.05585 0.05076 0.04613 0.04192 0.03810 0.03463 0.03147 0.02860 0.02599 0.02362 0.02146 0.01951
0.29614 0.27292 0.27875 0.24201 0.23585 0.22281 0.21049 0.19884 0.18784 0.17745 0.16764 0.15837 0.14961 0.14133 0.13351 0.12613 0.11915 0.11256 0.10634 0.10045 0.09490 0.08965 0.08469 0.08001 0.07558 0.07140 0.06745 0.06372 0.06020 0.05687
0.56466 0.29831 0.27341 0.21839 0.14862 0.08212 0.07111 0.05035 0.03565 0.02524 0.01787 0.01265 0.00896 0.00634 0.00449 0.00318 0.00225 0.00159 0.00113 0.00080 0.00057 0.00040 0.00028 0.00020 0.00014 0.00010 0.00007 0.00005 0.00004 0.00003
0.83968 0.28262 0.23029 0.20964 0.12203 0.09398 0.04561 0.03226 0.02025 0.01271 0.00798 0.00501 0.00315 0.00197 0.00124 0.00078 0.00049 0.00031 0.00019 0.00012 0.00008 0.00005 0.00003 0.00002 0.00001 0.00001 0.00000 0.00000 0.00000 0.00000
0.82306 0.24031 0.22093 0.19729 0.12496 0.07085 0.05130 0.02945 0.01830 0.01137 0.00707 0.00439 0.00273 0.00170 0.00105 0.00066 0.00041 0.00025 0.00016 0.00010 0.00006 0.00004 0.00002 0.00001 0.00001 0.00001 0.00000 0.00000 0.00000 0.00000
0.32547 0.27133 0.23195 0.20851 0.14515 0.07791 0.04700 0.03493 0.01638 0.00953 0.00554 0.00323 0.00188 0.00109 0.00064 0.00037 0.00022 0.00013 0.00007 0.00004 0.00002 0.00001 0.00001 0.00000 0.00000 0.00000 0.00000 0.00000 0.00000 0.00000
0.28336 0.24464 0.20722 0.17358 0.11547 0.07040 0.03817 0.02418 0.01573 0.00810 0.00473 0.00276 0.00161 0.00094 0.00055 0.00032 0.00019 0.00011 0.00006 0.00004 0.00002 0.00001 0.00001 0.00000 0.00000 0.00000 0.00000 0.00000 0.00000 0.00000
0.49390 0.22258 0.21952 0.20283 0.16819 0.13368 0.09835 0.07137 0.06579 0.04549 0.03490 0.02678 0.02055 0.01576 0.01209 0.00928 0.00712 0.00546 0.00419 0.00321 0.00247 0.00189 0.00145 0.00111 0.00085 0.00066 0.00050 0.00039 0.00030 0.00023
0.27962 0.23329 0.17431 0.17423 0.14791 0.11159 0.08927 0.07035 0.06548 0.05060 0.04167 0.03433 0.02827 0.02329 0.01918 0.01580 0.01301 0.01072 0.00883 0.00727 0.00599 0.00493 0.00406 0.00335 0.00276 0.00227 0.00187 0.00154 0.00127 0.00104
0.29188 0.23495 0.19265 0.18528 0.14405 0.11039 0.07872 0.05809 0.05504 0.05421 0.04360 0.03817 0.03341 0.02925 0.02561 0.02242 0.01963 0.01718 0.01504 0.01317 0.01153 0.01009 0.00884 0.00774 0.00677 0.00593 0.00519 0.00454 0.00398 0.00348
0.30322 0.22930 0.19240 0.17027 0.13424 0.09606 0.07146 0.05530 0.04862 0.04804 0.03827 0.03309 0.02860 0.02473 0.02137 0.01848 0.01597 0.01381 0.01194 0.01032 0.00892 0.00771 0.00667 0.00576 0.00498 0.00431 0.00372 0.00322 0.00278 0.00241
0.28332 0.25066 0.18711 0.16364 0.12475 0.08806 0.06601 0.05085 0.04776 0.05078 0.05341 0.05349 0.05466 0.05585 0.05707 0.05831 0.05958 0.06088 0.06221 0.06357 0.06495 0.06637 0.06781 0.06929 0.07080 0.07235 0.07392 0.07554 0.07718 0.07887
0.29466 0.25020 0.18638 0.15197 0.11651 0.08155 0.06119 0.04898 0.04259 0.04407 0.05069 0.04835 0.04908 0.04982 0.05057 0.05133 0.05211 0.05289 0.05369 0.05450 0.05532 0.05616 0.05701 0.05787 0.05874 0.05963 0.06053 0.06144 0.06237 0.06331
0.29939 0.26764 0.18147 0.14212 0.10889 0.07871 0.06362 0.05642 0.05404 0.05937 0.06307 0.06497 0.06791 0.07099 0.07420 0.07757 0.08108 0.08475 0.08859 0.09261 0.09680 0.10119 0.10577 0.11056 0.11557 0.12081 0.12628 0.13201 0.13799 0.14424
0.30038 0.26776 0.19207 0.14299 0.10354 0.07031 0.05276 0.04195 0.03693 0.03697 0.04628 0.04631 0.05184 0.05671 0.06204 0.06787 0.07425 0.08122 0.08886 0.09721 0.10634 0.11633 0.12726 0.13922 0.15230 0.16661 0.18227 0.19940 0.21813 0.23863
0.30440 0.26812 0.19476 0.13922 0.09939 0.06748 0.04985 0.04071 0.03539 0.03855 0.04255 0.04579 0.05016 0.05470 0.05966 0.06506 0.07096 0.07738 0.08439 0.09204 0.10038 0.10947 0.11939 0.13020 0.14199 0.15486 0.16888 0.18418 0.20087 0.21906
0.30348 0.26398 0.19334 0.13676 0.09217 0.06361 0.04681 0.03748 0.03179 0.03407 0.03726 0.04389 0.04801 0.05358 0.05981 0.06676 0.07451 0.08317 0.09283 0.10361 0.11565 0.12908 0.14408 0.16082 0.17950 0.20035 0.22363 0.24961 0.27860 0.31097
0.29640 0.27159 0.19965 0.13325 0.08961 0.06019 0.04513 0.03494 0.02999 0.03200 0.03744 0.04068 0.04550 0.05067 0.05643 0.06284 0.06998 0.07792 0.08678 0.09663 0.10761 0.11983 0.13344 0.14860 0.16548 0.18428 0.20521 0.22852 0.25448 0.28338
0.29048 0.27205 0.19975 0.13199 0.08710 0.05786 0.04344 0.03304 0.02866 0.02851 0.03415 0.03884 0.04224 0.04875 0.05529 0.06270 0.07111 0.08065 0.09147 0.10374 0.11765 0.13343 0.15133 0.17163 0.19465 0.22076 0.25037 0.28395 0.32204 0.36523
0.29476 0.27634 0.20487 0.12982 0.08889 0.06301 0.04994 0.04353 0.04105 0.04198 0.04392 0.05382 0.05600 0.06333 0.07042 0.07829 0.08705 0.09679 0.10761 0.11965 0.13303 0.14791 0.16446 0.18285 0.20330 0.22604 0.25132 0.27943 0.31068 0.34543
0.28885 0.27607 0.20346 0.12859 0.08124 0.05400 0.03908 0.03046 0.02506 0.02492 0.02917 0.03786 0.04021 0.04880 0.05740 0.06753 0.07944 0.09344 0.10992 0.12930 0.15211 0.17893 0.21048 0.24760 0.29126 0.34262 0.40304 0.47411 0.55772 0.65607
0.27996 0.27111 0.20745 0.12795 0.07791 0.05092 0.03690 0.02793 0.02221 0.02244 0.02643 0.03314 0.03078 0.04186 0.04597 0.05270 0.06042 0.06928 0.07942 0.09106 0.10440 0.11969 0.13723 0.15733 0.18038 0.20680 0.23710 0.27183 0.31166 0.35731
0.28505 0.27358 0.21201 0.12473 0.07605 0.05009 0.03527 0.02671 0.02158 0.02168 0.02345 0.03135 0.03633 0.03885 0.04687 0.05456 0.06351 0.07394 0.08607 0.10020 0.11665 0.13580 0.15808 0.18403 0.21424 0.24940 0.29033 0.33799 0.39346 0.45804
0.27988 0.27418 0.21008 0.12423 0.07376 0.04793 0.03445 0.02557 0.02050 0.02161 0.02332 0.02920 0.03287 0.03765 0.04417 0.05133 0.05965 0.06933 0.08057 0.09363 0.10881 0.12646 0.14696 0.17079 0.19849 0.23067 0.26807 0.31154 0.36206 0.42076
0.27191 0.27449 0.20825 0.12372 0.07291 0.04606 0.03298 0.02369 0.01949 0.01975 0.02223 0.02680 0.03108 0.03320 0.03869 0.04401 0.05006 0.05694 0.06477 0.07367 0.08379 0.09531 0.10841 0.12331 0.14026 0.15953 0.18146 0.20640 0.23476 0.26703
0.27791 0.27547 0.20704 0.12342 0.07063 0.04481 0.03152 0.02261 0.01832 0.01895 0.02139 0.02594 0.03323 0.03364 0.04091 0.04749 0.05514 0.06401 0.07431 0.08627 0.10016 0.11628 0.13499 0.15671 0.18193 0.21121 0.24520 0.28466 0.33048 0.38366
0.26967 0.27193 0.21016 0.12208 0.06928 0.04350 0.02995 0.02134 0.01745 0.01721 0.01952 0.02278 0.03098 0.03270 0.03759 0.04406 0.05096 0.05894 0.06817 0.07885 0.09121 0.10550 0.12202 0.14114 0.16325 0.18883 0.21841 0.25263 0.29220 0.33798
0.27027 0.27419 0.21421 0.12554 0.07214 0.04714 0.03465 0.02724 0.02409 0.02438 0.02688 0.03305 0.03803 0.03921 0.04063 0.04397 0.04680 0.04980 0.05300 0.05640 0.06002 0.06387 0.06797 0.07233 0.07698 0.08192 0.08718 0.09277 0.09873 0.10506
0.25692 0.26453 0.20907 0.12111 0.06553 0.03930 0.02645 0.01791 0.01395 0.01333 0.01500 0.01821 0.02168 0.02112 0.02621 0.02843 0.03171 0.03536 0.03944 0.04399 0.04906 0.05472 0.06103 0.06806 0.07591 0.08467 0.09443 0.10532 0.11746 0.13101
0.25414 0.26298 0.21045 0.11876 0.06467 0.03844 0.02540 0.01769 0.01356 0.01333 0.01463 0.01671 0.01942 0.02084 0.02367 0.02638 0.02947 0.03292 0.03677 0.04107 0.04588 0.05125 0.05724 0.06394 0.07142 0.07978 0.08912 0.09955 0.11120 0.12421
0.25263 0.25989 0.21079 0.11740 0.06292 0.03717 0.02414 0.01672 0.01263 0.01213 0.01307 0.01747 0.01872 0.02096 0.02274 0.02493 0.02730 0.02990 0.03274 0.03585 0.03925 0.04298 0.04707 0.05154 0.05644 0.06180 0.06767 0.07410 0.08114 0.08886
0.25251 0.26077 0.21166 0.11685 0.06189 0.03651 0.02359 0.01626 0.01245 0.01199 0.01305 0.01565 0.01919 0.01966 0.02045 0.02593 0.02741 0.03040 0.03371 0.03738 0.04146 0.04598 0.05099 0.05655 0.06271 0.06955 0.07713 0.08554 0.09486 0.10520
0.26035 0.26813 0.21391 0.11963 0.06385 0.03895 0.02693 0.02024 0.01694 0.01711 0.01881 0.02129 0.02270 0.02518 0.02510 0.02675 0.02807 0.02945 0.03090 0.03242 0.03402 0.03569 0.03744 0.03929 0.04122 0.04325 0.04537 0.04760 0.04995 0.05240
0.26781 0.26644 0.21448 0.12001 0.06273 0.03811 0.02634 0.02005 0.01709 0.01666 0.01894 0.02157 0.02475 0.02489 0.02642 0.02742 0.02836 0.02943 0.03054 0.03170 0.03290 0.03414 0.03543 0.03677 0.03816 0.03960 0.04110 0.04265 0.04426 0.04594
0.25608 0.26196 0.21192 0.11662 0.05832 0.03352 0.02143 0.01454 0.01092 0.01075 0.01106 0.01348 0.01479 0.01771 0.01980 0.02368 0.02741 0.03193 0.03719 0.04332 0.05046 0.05877 0.06846 0.07974 0.09288 0.10819 0.12602 0.14678 0.17097 0.19914
0.25014 0.26392 0.21187 0.11699 0.05751 0.03259 0.02087 0.01414 0.01076 0.01001 0.01126 0.01289 0.01510 0.01701 0.01988 0.02265 0.02602 0.02985 0.03426 0.03932 0.04512 0.05177 0.05942 0.06818 0.07824 0.08979 0.10304 0.11824 0.13569 0.15572
0.25546 0.26120 0.21144 0.11643 0.05645 0.03179 0.02031 0.01355 0.01052 0.00990 0.01036 0.01191 0.01473 0.01572 0.01956 0.02057 0.02365 0.02669 0.03011 0.03398 0.03834 0.04327 0.04882 0.05509 0.06217 0.07015 0.07916 0.08933 0.10080 0.11374
0.26046 0.26563 0.21447 0.11912 0.05749 0.03397 0.02260 0.01635 0.01391 0.01395 0.01489 0.01642 0.01839 0.02073 0.02235 0.02415 0.02653 0.02897 0.03163 0.03453 0.03770 0.04116 0.04494 0.04906 0.05357 0.05848 0.06385 0.06971 0.07611 0.08309
0.25821 0.26906 0.21521 0.11907 0.05734 0.03401 0.02329 0.01766 0.01527 0.01519 0.01707 0.01841 0.02035 0.02132 0.02261 0.02352 0.02478 0.02603 0.02734 0.02872 0.03017 0.03168 0.03328 0.03496 0.03672 0.03857 0.04051 0.04255 0.04469 0.04694
0.25995 0.26767 0.21574 0.11722 0.05609 0.03251 0.02184 0.01622 0.01344 0.01366 0.01475 0.01623 0.01860 0.01964 0.02211 0.02178 0.02367 0.02508 0.02657 0.02814 0.02981 0.03158 0.03346 0.03545 0.03755 0.03978 0.04214 0.04464 0.04729 0.05010
0.25622 0.26534 0.21240 0.11497 0.05297 0.02920 0.01822 0.01255 0.00943 0.00883 0.00883 0.01046 0.01226 0.01392 0.01677 0.01823 0.02031 0.02304 0.02593 0.02917 0.03282 0.03693 0.04155 0.04675 0.05260 0.05919 0.06660 0.07493 0.08431 0.09486
0.25174 0.26513 0.21314 0.11497 0.05183 0.02865 0.01778 0.01209 0.00947 0.00866 0.00864 0.01000 0.01179 0.01364 0.01566 0.01833 0.02024 0.02334 0.02663 0.03038 0.03467 0.03955 0.04513 0.05149 0.05875 0.06703 0.07648 0.08726 0.09955 0.11359
0.25272 0.27090 0.21860 0.12015 0.05719 0.03597 0.02736 0.02322 0.02267 0.02636 0.03229 0.04170 0.05083 0.05396 0.05903 0.06084 0.05902 0.06248 0.06429 0.06615 0.06806 0.07003 0.07206 0.07414 0.07628 0.07849 0.08076 0.08310 0.08550 0.08797
0.25243 0.26651 0.21476 0.11453 0.04979 0.02715 0.01727 0.01169 0.00882 0.00818 0.00841 0.00926 0.01090 0.01334 0.01588 0.01783 0.01693 0.01928 0.02081 0.02245 0.02423 0.02614 0.02821 0.03044 0.03285 0.03545 0.03825 0.04128 0.04454 0.04807
0.25801 0.27479 0.21748 0.11728 0.05198 0.03113 0.02192 0.01748 0.01585 0.01648 0.01918 0.02306 0.02698 0.02988 0.03182 0.03272 0.03042 0.03182 0.03207 0.03232 0.03258 0.03283 0.03309 0.03335 0.03361 0.03387 0.03414 0.03441 0.03468 0.03495
0.25807 0.26792 0.21478 0.11422 0.04862 0.02641 0.01689 0.01156 0.00888 0.00787 0.00784 0.00869 0.01012 0.01184 0.01499 0.01700 0.01641 0.01315 0.01401 0.01350 0.01300 0.01253 0.01207 0.01163 0.01121 0.01080 0.01040 0.01002 0.00966 0.00931
0.25055 0.27026 0.21544 0.11440 0.04802 0.02613 0.01668 0.01145 0.00891 0.00751 0.00762 0.00825 0.00992 0.01202 0.01443 0.01703 0.01606 0.01449 0.01531 0.01523 0.01516 0.01508 0.01501 0.01493 0.01486 0.01478 0.01471 0.01464 0.01456 0.01449
0.26226 0.27590 0.22004 0.11660 0.04931 0.02801 0.01875 0.01380 0.01165 0.01102 0.01100 0.01230 0.01356 0.01552 0.01685 0.01849 0.01580 0.01388 0.01366 0.01276 0.01192 0.01113 0.01040 0.00971 0.00907 0.00847 0.00791 0.00739 0.00690 0.00645
0.26486 0.27607 0.22240 0.11615 0.04907 0.02716 0.01823 0.01344 0.01094 0.01012 0.01047 0.01097 0.01256 0.01436 0.01596 0.01696 0.01537 0.01289 0.01289 0.01205 0.01126 0.01053 0.00984 0.00920 0.00860 0.00804 0.00751 0.00702 0.00656 0.00614
0.26927 0.27816 0.22175 0.11531 0.04870 0.02713 0.01856 0.01372 0.01139 0.01058 0.01061 0.01150 0.01285 0.01458 0.01654 0.01829 0.01564 0.01295 0.01293 0.01194 0.01102 0.01017 0.00939 0.00867 0.00800 0.00739 0.00682 0.00629 0.00581 0.00536
0.26449 0.27916 0.22121 0.11722 0.04811 0.02697 0.01815 0.01358 0.01150 0.01065 0.01054 0.01133 0.01251 0.01386 0.01643 0.01713 0.01582 0.01167 0.01195 0.01086 0.00987 0.00896 0.00814 0.00740 0.00672 0.00611 0.00555 0.00504 0.00458 0.00416
0.26516 0.27448 0.22095 0.11454 0.04712 0.02509 0.01667 0.01178 0.00912 0.00784 0.00719 0.00730 0.00853 0.01005 0.01284 0.01463 0.01443 0.01184 0.01270 0.01242 0.01214 0.01187 0.01161 0.01135 0.01110 0.01085 0.01061 0.01038 0.01015 0.00992
0.27365 0.27827 0.22159 0.11548 0.04655 0.02491 0.01677 0.01193 0.00908 0.00771 0.00734 0.00704 0.00825 0.00941 0.01219 0.01407 0.01295 0.01086 0.01136 0.01094 0.01052 0.01013 0.00975 0.00938 0.00903 0.00869 0.00836 0.00805 0.00775 0.00745
0.27264 0.28189 0.22421 0.11763 0.04780 0.02634 0.01858 0.01381 0.01115 0.01063 0.01030 0.01086 0.01197 0.01358 0.01538 0.01657 0.01539 0.01227 0.01258 0.01177 0.01101 0.01030 0.00963 0.00901 0.00843 0.00789 0.00738 0.00690 0.00646 0.00604
0.27080 0.28433 0.22565 0.11769 0.04762 0.02623 0.01818 0.01368 0.01116 0.01001 0.00995 0.01015 0.01113 0.01285 0.01444 0.01593 0.01484 0.01198 0.01241 0.01174 0.01110 0.01050 0.00993 0.00939 0.00888 0.00840 0.00795 0.00752 0.00711 0.00672
0.27207 0.28611 0.22533 0.11852 0.04782 0.02632 0.01844 0.01411 0.01168 0.01048 0.01016 0.01031 0.01169 0.01372 0.01488 0.01544 0.01494 0.01235 0.01242 0.01109 0.01019 0.00936 0.00859 0.00789 0.00725 0.00666 0.00611 0.00562 0.00516 0.00474
0.27517 0.28642 0.22765 0.11869 0.04743 0.02636 0.01873 0.01434 0.01183 0.01050 0.00981 0.01022 0.01105 0.01250 0.01430 0.01515 0.01421 0.01293 0.01460 0.01348 0.01319 0.01291 0.01264 0.01238 0.01211 0.01186 0.01161 0.01136 0.01112 0.01089
0.27660 0.28716 0.22758 0.11862 0.04698 0.02646 0.01881 0.01446 0.01192 0.01032 0.00979 0.00994 0.01088 0.01265 0.01376 0.01480 0.01432 0.01265 0.01349 0.01245 0.01194 0.01146 0.01100 0.01055 0.01013 0.00972 0.00932 0.00895 0.00859 0.00824
0.28228 0.28845 0.22733 0.11976 0.04713 0.02624 0.01896 0.01469 0.01191 0.01032 0.00963 0.00932 0.01101 0.01234 0.01407 0.01447 0.01338 0.01139 0.01174 0.01035 0.00954 0.00879 0.00810 0.00746 0.00688 0.00634 0.00584 0.00538 0.00496 0.00457
0.28232 0.28859 0.22804 0.12031 0.04762 0.02611 0.01944 0.01491 0.01210 0.01045 0.00960 0.00937 0.01044 0.01194 0.01336 0.01392 0.01337 0.01121 0.01185 0.01060 0.00990 0.00925 0.00865 0.00808 0.00755 0.00706 0.00659 0.00616 0.00576 0.00538
0.28427 0.28765 0.22904 0.12081 0.04777 0.02672 0.01973 0.01536 0.01253 0.01086 0.00974 0.00939 0.01030 0.01150 0.01311 0.01378 0.01298 0.01100 0.01315 0.01174 0.01137 0.01102 0.01067 0.01034 0.01001 0.00970 0.00939 0.00910 0.00881 0.00853
0.29038 0.29120 0.23081 0.12172 0.04769 0.02663 0.01982 0.01572 0.01263 0.01087 0.00969 0.00915 0.01008 0.01119 0.01279 0.01391 0.01288 0.01169 0.01229 0.01122 0.01068 0.01017 0.00969 0.00923 0.00879 0.00837 0.00797 0.00759 0.00723 0.00688
0.28784 0.28856 0.23255 0.12165 0.04799 0.02701 0.02037 0.01582 0.01297 0.01091 0.00957 0.00902 0.00967 0.01121 0.01238 0.01292 0.01119 0.01145 0.01212 0.01137 0.01116 0.01095 0.01075 0.01055 0.01035 0.01016 0.00997 0.00979 0.00961 0.00943
0.29379 0.29204 0.23254 0.12247 0.04814 0.02751 0.02064 0.01654 0.01347 0.01111 0.00964 0.00874 0.00932 0.01067 0.01237 0.01286 0.01217 0.01161 0.01242 0.01179 0.01160 0.01142 0.01124 0.01107 0.01089 0.01072 0.01055 0.01039 0.01023 0.01007
0.29138 0.29397 0.23552 0.12418 0.04942 0.02899 0.02234 0.01858 0.01581 0.01425 0.01383 0.01480 0.01676 0.01941 0.02141 0.02183 0.02080 0.01877 0.01857 0.01718 0.01619 0.01525 0.01437 0.01353 0.01275 0.01201 0.01132 0.01066 0.01004 0.00946
0.29538 0.29437 0.23707 0.12588 0.04998 0.02950 0.02306 0.01919 0.01659 0.01543 0.01518 0.01670 0.01999 0.02309 0.02468 0.02563 0.02387 0.02228 0.02147 0.03395 0.03478 0.03962 0.04514 0.05143 0.05860 0.06677 0.07607 0.08668 0.09875 0.11252
0.29806 0.29666 0.23704 0.12593 0.05073 0.02961 0.02327 0.01944 0.01659 0.01490 0.01375 0.01449 0.01642 0.01853 0.02021 0.02115 0.01968 0.01770 0.01744 0.03140 0.03382 0.04092 0.04951 0.05990 0.07248 0.08769 0.10610 0.12837 0.15531 0.18791
0.29297 0.29646 0.23509 0.12625 0.05076 0.02951 0.02280 0.01855 0.01495 0.01227 0.00977 0.00849 0.00876 0.00993 0.01101 0.01157 0.01112 0.01013 0.01229 0.03371 0.05664 0.10120 0.18081 0.32307 0.57724 1.03138 1.84282 3.29265 5.88312 10.51162
0.29798 0.29661 0.23631 0.12834 0.05141 0.03018 0.02365 0.01923 0.01566 0.01264 0.00987 0.00854 0.00900 0.00959 0.01050 0.01165 0.01053 0.00954 0.01284 0.03117 0.05062 0.08699 0.14950 0.25692 0.44151 0.75875 1.30391 2.24078 3.85080 6.61762
0.30015 0.29562 0.23791 0.13052 0.05232 0.03071 0.02431 0.01975 0.01626 0.01297 0.01008 0.00865 0.00858 0.00934 0.01049 0.01091 0.01087 0.01016 0.01285 0.02775 0.04014 0.06207 0.09599 0.14845 0.22956 0.35500 0.54897 0.84895 1.31283 2.03019
0.30395 0.30111 0.24148 0.13234 0.05385 0.03330 0.02673 0.02264 0.01947 0.01683 0.01561 0.01557 0.01787 0.02059 0.02156 0.02230 0.02042 0.01967 0.02119 0.03239 0.03576 0.04273 0.05105 0.06098 0.07286 0.08705 0.10400 0.12425 0.14844 0.17734
0.29525 0.29674 0.23895 0.13164 0.05375 0.03236 0.02590 0.02102 0.01746 0.01380 0.01063 0.00860 0.00843 0.00920 0.00996 0.01080 0.01006 0.01047 0.01335 0.03182 0.05154 0.08808 0.15053 0.25724 0.43961 0.75128 1.28389 2.19410 3.74961 6.40789
0.29936 0.29978 0.24387 0.13489 0.05634 0.03501 0.02910 0.02516 0.02233 0.02064 0.02037 0.02239 0.02716 0.03271 0.03630 0.03859 0.03943 0.04019 0.04790 0.05793 0.06522 0.07515 0.08659 0.09977 0.11495 0.13245 0.15260 0.17583 0.20259 0.23342
0.29965 0.29905 0.24165 0.13526 0.05669 0.03475 0.02840 0.02319 0.01911 0.01511 0.01122 0.00889 0.00806 0.00876 0.00965 0.01010 0.00899 0.00978 0.01330 0.02746 0.04245 0.06868 0.11113 0.17981 0.29095 0.47077 0.76173 1.23252 1.99429 3.22687
0.30383 0.30391 0.24461 0.13823 0.05918 0.03738 0.03132 0.02686 0.02400 0.02204 0.02030 0.02199 0.02609 0.03121 0.03501 0.03699 0.03598 0.03977 0.04471 0.06132 0.07114 0.08590 0.10372 0.12524 0.15122 0.18259 0.22047 0.26621 0.32143 0.38811
0.30176 0.30219 0.24382 0.13900 0.06011 0.03793 0.03059 0.02548 0.02108 0.01662 0.01183 0.00924 0.00783 0.00835 0.00890 0.00954 0.00939 0.00942 0.01290 0.02744 0.04236 0.06878 0.11170 0.18138 0.29454 0.47829 0.77667 1.26120 2.04802 3.32569
0.31140 0.30621 0.24731 0.14110 0.06269 0.04023 0.03280 0.02803 0.02389 0.01964 0.01575 0.01384 0.01376 0.01504 0.01522 0.01634 0.01558 0.01569 0.01734 0.03038 0.03678 0.04811 0.06293 0.08231 0.10767 0.14084 0.18422 0.24097 0.31521 0.41231
0.30941 0.30739 0.24701 0.14322 0.06454 0.04175 0.03451 0.03011 0.02648 0.02345 0.02113 0.02191 0.02516 0.03042 0.03329 0.03594 0.03553 0.03888 0.04366 0.05815 0.06665 0.07926 0.09427 0.11211 0.13334 0.15858 0.18860 0.22430 0.26676 0.31725
0.30749 0.30612 0.24734 0.14462 0.06624 0.04241 0.03429 0.02822 0.02364 0.01830 0.01318 0.00966 0.00788 0.00796 0.00850 0.00915 0.00844 0.00877 0.01298 0.02708 0.06239 0.13407 0.29037 0.62886 1.36194 2.94959 6.38801 13.83468 29.96216 64.88990
0.31188 0.30539 0.24767 0.14794 0.06908 0.04495 0.03616 0.02974 0.02473 0.01962 0.01367 0.00974 0.00776 0.00754 0.00816 0.00860 0.00826 0.00900 0.01271 0.02592 0.05923 0.12480 0.26543 0.56451 1.20058 2.55337 5.43045 11.54937 24.56298 52.24005
0.30950 0.30552 0.25010 0.14996 0.07122 0.04697 0.03801 0.03109 0.02583 0.02056 0.01439 0.01006 0.00802 0.00782 0.00825 0.00858 0.00832 0.00888 0.01305 0.02570 0.06128 0.13209 0.28770 0.62663 1.36482 2.97265 6.47456 14.10189 30.71457 66.89774
