# z
20.042
19.189
18.450
17.816
17.203
16.610
16.107
15.624
15.154
14.762
14.380
14.007
13.643
13.288
12.998
12.715
12.382
12.165
11.898
11.637
11.432
11.180
10.982
10.788
10.596
10.408
10.223
10.040
9.861
9.729
9.554
9.426
9.298
9.131
9.008
8.885
8.765
8.646
8.528
8.412
8.297
8.183
8.071
7.961
7.888
7.779
7.672
7.601
7.496
7.427
7.324
7.256
7.156
7.089
7.023
6.925
6.861
6.797
6.733
6.670
6.576
6.515
6.453
6.393
6.332
6.273
6.213
6.155
6.096
6.038
5.981
5.952
5.896
5.840
5.784
5.729
5.674
5.646
5.592
5.538
5.512
